,0
0,2.3
1,3.5
2,5.0
3,1.7
4,4.0
5,2.2
6,2.4
7,3.9
8,5.1
9,1.9
10,1.8
11,4.1
12,1.8
13,0.9
14,3.2
15,3.9
16,3.6
17,2.1
18,1.4
19,3.2
20,1.0
21,3.8
22,4.5
23,2.8
24,2.9
25,4.3
26,1.3
27,0.1
28,4.3
29,3.1
30,3.9
31,3.2
32,4.1
33,4.0
34,3.6
35,0.3
36,1.7
37,3.4
38,5.0
39,1.1
40,4.6
41,1.5
42,3.8
43,2.9
44,2.0
45,3.2
46,1.8
47,4.4
48,1.6
49,3.3
50,4.0
51,1.3
52,1.4
53,3.9
54,3.3
55,1.7
56,3.3
57,1.7
58,2.0
59,3.6
60,3.4
61,1.4
62,3.3
63,3.7
64,3.3
65,5.1
66,3.4
67,0.8
68,1.1
69,3.9
70,1.4
71,2.6
72,3.4
73,4.1
74,1.9
75,3.5
76,4.6
77,4.0
78,1.9
79,3.5
80,1.8
81,1.9
82,4.0
83,3.6
84,2.7
85,1.4
86,0.8
87,2.9
88,3.2
89,3.9
90,4.3
91,2.6
92,2.4
93,1.9
94,3.8
95,4.3
96,3.4
97,2.8
98,1.3
99,1.9
100,3.0
101,3.4
102,3.7
103,3.5
104,4.1
105,4.5
106,0.4
107,3.2
108,2.8
109,4.4
110,1.8
111,3.1
112,0.8
113,3.8
114,1.9
115,2.6
116,3.6
117,0.7
118,4.1
119,0.9
120,4.4
121,1.3
122,3.4
123,2.7
124,3.3
125,2.4
126,2.7
127,3.9
128,2.9
129,3.3
130,2.1
131,3.2
132,2.6
133,2.9
134,1.2
135,2.9
136,0.8
137,3.1
138,3.2
139,3.3
140,4.7
141,3.1
142,3.2
143,4.4
144,3.1
145,1.5
146,3.1
147,4.0
148,2.0
149,2.8
150,2.2
151,2.0
152,1.3
153,1.0
154,3.3
155,1.0
156,5.8
157,1.3
158,2.2
159,2.7
160,3.8
161,5.7
162,4.7
163,5.4
164,3.9
165,4.8
166,4.8
167,1.8
168,1.4
169,4.4
170,5.6
171,4.8
172,2.9
173,1.6
174,4.4
175,3.4
176,2.9
177,3.9
178,2.3
179,3.9
180,3.4
181,4.4
182,2.5
183,2.5
184,2.5
185,2.5
186,2.8
187,3.6
188,1.7
189,3.9
190,1.8
191,3.1
192,3.5
193,3.1
194,3.5
195,2.8
196,2.7
197,3.2
198,2.7
199,3.1
200,0.1
201,3.2
202,4.0
203,5.5
204,4.9
205,3.9
206,3.3
207,2.1
208,1.8
209,2.0
210,3.2
211,3.7
212,1.0
213,3.9
214,4.7
215,0.9
216,3.2
217,3.7
218,4.6
219,3.2
220,3.2
221,3.2
222,3.6
223,2.8
224,3.4
225,3.1
226,1.2
227,4.4
228,2.9
229,3.6
230,4.9
231,3.7
232,0.9
233,4.4
234,3.0
235,5.0
236,3.2
237,1.0
238,2.2
239,1.0
240,4.6
241,1.2
242,1.3
243,3.8
244,2.2
245,5.0
246,3.9
247,4.8
248,3.8
249,1.6
250,4.3
251,4.1
252,5.0
253,4.3
254,2.4
255,3.7
256,3.8
257,4.3
258,1.8
259,4.0
260,3.8
261,4.6
262,1.0
263,0.8
264,0.7
265,3.2
266,0.6
267,4.0
268,2.0
269,3.2
270,3.0
271,3.3
272,2.7
273,3.7
274,2.2
275,1.5
276,3.8
277,3.0
278,1.3
279,2.9
280,4.2
281,3.4
282,3.4
283,3.4
284,4.6
285,1.2
286,2.9
287,1.4
288,0.3
289,0.5
290,1.7
291,3.6
292,3.0
293,1.5
294,0.9
295,4.2
296,0.9
297,3.1
298,3.4
299,1.1
300,2.8
301,2.8
302,1.7
303,3.9
304,3.9
305,3.8
306,2.3
307,2.4
308,3.1
309,1.2
310,2.1
311,4.4
312,5.1
313,4.8
314,5.8
315,1.1
316,3.2
317,5.0
318,2.2
319,4.2
320,1.1
321,2.1
322,4.9
323,5.9
324,2.1
325,4.9
326,5.9
327,3.7
328,3.3
329,2.3
330,2.8
331,3.4
332,3.6
333,2.8
334,4.9
335,3.2
336,3.5
337,2.9
338,2.8
339,3.7
340,1.9
341,1.2
342,2.7
343,3.3
344,4.5
345,3.1
346,1.0
347,4.1
348,2.4
349,3.8
350,3.2
351,4.6
352,2.3
353,3.7
354,3.8
355,2.3
356,3.8
357,3.8
358,0.6
359,3.3
360,4.2
361,2.9
362,1.6
363,4.4
364,5.4
365,1.4
366,3.7
367,4.5
368,4.8
369,3.5
370,4.3
371,4.9
372,4.0
373,3.8
374,2.2
375,3.2
376,3.9
377,0.5
378,0.8
379,2.5
380,3.9
381,3.8
382,3.5
383,4.4
384,4.6
385,4.1
386,3.5
387,4.4
388,3.7
389,3.4
390,0.8
391,1.7
392,4.7
393,3.0
394,2.8
395,2.2
396,1.5
397,3.3
398,1.7
399,1.8
400,3.5
401,3.8
402,3.1
403,3.7
404,4.9
405,4.3
406,3.5
407,3.9
408,2.9
409,3.8
410,1.9
411,2.8
412,3.7
413,5.8
414,4.2
415,1.5
416,3.6
417,0.5
418,3.5
419,4.5
420,4.1
421,5.2
422,2.7
423,3.0
424,3.6
425,1.3
426,1.8
427,2.9
428,3.6
429,1.9
430,4.3
431,3.5
432,2.8
433,0.8
434,4.1
435,3.1
436,1.2
437,3.6
438,2.9
439,3.8
440,0.2
441,1.8
442,0.3
443,1.3
444,2.3
445,4.3
446,1.3
447,3.3
448,4.3
449,2.3
450,2.3
451,2.5
452,0.6
453,3.7
454,1.4
455,4.0
456,1.9
457,0.3
458,4.3
459,3.5
460,2.6
461,0.5
462,1.6
463,3.0
464,0.4
465,3.5
466,0.9
467,3.5
468,3.8
469,4.8
470,4.2
471,2.6
472,4.3
473,3.3
474,2.4
475,4.4
476,4.5
477,5.1
478,6.0
479,3.5
480,2.6
481,3.4
482,1.6
483,1.2
484,1.6
485,3.2
486,1.2
487,4.4
488,2.9
489,4.4
490,1.5
491,1.5
492,4.2
493,3.4
494,3.4
495,3.3
496,4.2
497,1.6
498,3.3
499,1.1
500,3.4
501,3.8
502,2.0
503,3.6
504,3.3
505,2.0
506,4.3
507,4.4
508,4.7
509,2.0
510,2.9
511,4.3
512,4.6
513,0.9
514,3.5
515,4.3
516,5.6
517,2.7
518,4.7
519,4.7
520,4.7
521,2.0
522,2.0
523,2.0
524,3.5
525,4.0
526,2.8
527,3.8
528,3.1
529,1.6
530,1.5
531,2.6
532,2.0
533,3.6
534,0.9
535,3.2
536,0.6
537,3.8
538,3.3
539,2.9
540,1.5
541,0.5
542,3.2
543,4.2
544,1.0
545,4.4
546,2.7
547,3.7
548,1.1
549,4.2
550,5.9
551,3.0
552,5.0
553,3.2
554,0.5
555,4.0
556,3.2
557,3.8
558,5.2
559,2.0
560,0.1
561,4.0
562,1.3
563,2.9
564,3.5
565,1.3
566,0.9
567,1.4
568,3.1
569,3.6
570,3.0
571,3.3
572,1.3
573,1.7
574,4.1
575,3.0
576,3.8
577,1.4
578,1.7
579,3.7
580,4.4
581,1.5
582,3.9
583,3.1
584,1.1
585,4.4
586,3.5
587,1.3
588,3.6
589,3.0
590,3.7
591,2.9
592,4.1
593,1.4
594,3.0
595,2.4
596,1.6
597,3.0
598,3.1
599,1.1
600,3.9
601,3.6
602,3.9
603,4.1
604,2.0
605,2.9
606,3.3
607,4.4
608,1.1
609,3.8
610,1.6
611,3.6
612,4.7
613,2.3
614,1.8
615,1.0
616,2.7
617,3.0
618,3.0
619,4.1
620,3.2
621,3.1
622,0.9
623,3.5
624,3.9
625,1.9
626,3.0
627,2.7
628,1.5
629,3.8
630,4.0
631,3.7
632,2.1
633,3.6
634,1.6
635,1.7
636,1.9
637,1.4
638,1.4
639,3.5
640,4.6
641,1.2
642,3.2
643,2.3
644,2.9
645,2.9
646,1.0
647,4.1
648,3.9
649,2.3
650,3.4
651,1.3
652,3.0
653,3.7
654,2.1
655,0.3
656,3.7
657,5.1
658,4.3
659,4.0
660,5.4
661,4.6
662,5.6
663,4.6
664,3.8
665,4.1
666,1.0
667,3.9
668,2.9
669,2.5
670,3.5
671,4.2
672,4.4
673,4.5
674,3.9
675,0.6
676,2.7
677,2.2
678,3.6
679,3.9
680,3.0
681,3.3
682,5.1
683,1.2
684,3.2
685,1.2
686,4.2
687,3.6
688,2.4
689,3.8
690,5.0
691,3.1
692,1.5
693,4.4
694,3.1
695,4.2
696,4.0
697,2.7
698,2.9
699,3.4
700,5.1
701,2.8
702,0.9
703,3.8
704,4.2
705,4.1
706,1.3
707,3.8
708,5.3
709,1.0
710,4.1
711,1.5
712,3.4
713,2.5
714,1.8
715,4.5
716,3.2
717,2.1
718,3.8
719,3.1
720,2.3
721,0.9
722,4.2
723,2.9
724,3.5
725,4.8
726,2.3
727,3.3
728,0.6
729,1.1
730,3.5
731,0.4
732,1.5
733,4.1
734,3.7
735,3.0
736,0.4
737,3.3
738,4.1
739,2.6
740,3.6
741,1.7
742,3.0
743,3.3
744,3.8
745,3.3
746,3.1
747,2.6
748,2.9
749,3.9
750,0.6
751,3.9
752,0.8
753,3.6
754,1.4
755,1.1
756,1.6
757,2.4
758,0.4
759,1.3
760,3.7
761,3.1
762,1.3
763,2.8
764,4.0
765,2.8
766,1.9
767,1.0
768,2.7
769,4.2
770,2.5
771,3.2
772,3.4
773,2.4
774,3.0
775,1.2
776,0.9
777,0.8
778,3.5
779,3.1
