,0
0,2.9
1,1.5
2,3.0
3,3.2
4,2.4
5,1.7
6,2.0
7,2.1
8,1.9
9,2.5
10,1.3
11,1.2
12,2.6
13,2.4
14,2.8
15,1.3
16,3.0
17,2.5
18,1.1
19,1.7
20,1.3
21,0.3
22,2.4
23,2.5
24,0.9
25,2.2
26,2.7
27,1.9
28,3.0
29,1.1
30,0.4
31,0.8
32,1.7
33,2.4
34,1.4
35,2.5
36,1.1
37,0.1
38,3.1
39,3.3
40,2.9
41,2.8
42,1.0
43,2.0
44,2.0
45,0.4
46,2.5
47,1.7
48,1.0
49,0.5
50,1.1
51,1.2
52,3.3
53,2.5
54,1.7
55,2.2
56,2.0
57,1.8
58,1.3
59,2.2
60,1.9
61,2.8
62,1.4
63,1.1
64,2.3
65,0.8
66,2.5
67,2.8
68,2.1
69,2.2
70,0.8
71,1.2
72,2.6
73,3.1
74,3.3
75,1.8
76,2.5
77,2.6
78,1.2
79,1.8
80,2.9
81,1.8
82,2.0
83,1.0
84,1.5
85,2.1
86,0.5
87,0.7
88,0.3
89,2.0
90,2.5
91,2.4
92,2.6
93,2.3
94,1.6
95,2.3
96,2.0
97,2.0
98,2.7
99,2.6
100,3.3
101,2.6
102,1.0
103,0.7
104,1.0
105,1.7
106,1.4
107,1.5
108,1.4
109,1.3
110,2.2
111,2.0
112,2.8
113,2.7
114,2.3
115,3.1
116,0.7
117,0.9
118,1.8
119,2.3
120,0.9
121,0.4
122,2.3
123,1.7
124,2.3
125,2.3
126,2.3
127,2.3
128,2.8
129,3.1
130,1.3
131,1.8
132,2.3
133,2.8
134,3.0
135,2.8
136,1.9
137,2.7
138,1.0
139,1.8
140,2.9
141,1.3
142,1.6
143,2.0
144,2.1
145,2.6
146,2.8
147,3.4
148,0.4
149,2.2
150,2.5
151,0.6
152,0.8
153,0.7
154,2.8
155,1.2
156,1.1
157,2.1
158,2.4
159,2.5
160,1.8
161,1.9
162,1.2
163,2.6
164,0.6
165,1.6
166,0.8
167,2.4
168,1.3
169,2.7
170,0.6
171,0.7
172,0.6
173,1.6
174,1.9
175,2.4
176,1.5
177,0.1
178,0.9
179,1.1
180,1.5
181,2.1
182,0.7
183,0.8
184,0.5
185,1.1
186,1.3
187,2.3
188,0.6
189,0.7
190,1.0
191,0.8
192,0.4
193,2.2
194,0.4
195,3.2
196,3.1
197,3.5
198,2.2
199,1.8
200,2.2
201,1.8
202,2.6
203,3.0
204,2.6
205,3.0
206,1.9
207,2.4
208,0.2
209,4.0
210,2.3
211,2.6
212,2.2
213,3.3
214,3.2
215,2.1
216,3.3
217,2.9
218,0.2
219,3.3
220,4.8
221,2.0
222,3.9
223,2.2
224,3.9
225,2.4
226,1.2
227,3.7
228,4.8
229,1.0
230,1.3
231,1.8
232,3.6
233,1.7
234,1.8
235,2.4
236,1.9
237,1.1
238,2.7
239,2.3
240,1.3
241,2.8
242,2.0
243,2.6
244,1.5
245,0.7
246,1.3
247,3.0
248,2.5
249,3.0
250,2.8
251,3.1
252,1.3
253,3.2
254,3.8
255,2.9
256,2.8
257,3.9
258,1.3
259,3.7
260,3.3
261,2.3
262,0.9
263,3.1
264,2.8
265,2.5
266,4.0
267,3.0
268,2.4
269,1.9
270,2.8
271,2.2
272,1.3
273,4.1
274,3.9
275,3.5
276,2.9
277,2.1
278,0.9
279,2.3
280,2.9
281,1.4
282,2.1
283,2.5
284,2.0
285,2.5
286,1.4
287,2.8
288,2.3
289,2.2
290,2.2
291,2.3
292,2.2
293,1.4
294,0.7
295,2.7
296,1.0
297,3.1
298,2.6
299,4.4
300,2.9
301,2.0
302,1.1
303,2.4
304,2.0
305,3.3
306,2.1
307,0.9
308,2.4
309,1.1
310,2.2
311,2.5
312,2.2
313,4.3
314,2.8
315,3.9
316,3.0
317,1.3
318,1.9
319,1.2
320,1.4
321,2.9
322,1.0
323,2.5
324,1.4
325,2.3
326,2.5
327,3.3
328,3.3
329,3.0
330,1.9
331,0.9
332,3.8
333,4.7
334,5.1
335,0.5
336,4.1
337,2.7
338,0.8
339,4.5
340,3.1
341,4.9
342,3.6
343,4.0
344,3.8
345,3.5
346,5.7
347,3.7
348,4.0
349,3.9
350,1.7
351,3.1
352,1.4
353,2.4
354,2.9
355,2.9
356,0.6
357,1.2
358,0.9
359,2.7
360,0.9
361,1.1
362,1.8
363,3.5
364,1.9
365,1.9
366,1.9
367,0.9
368,1.2
369,2.9
370,1.8
371,2.5
372,2.4
373,0.8
374,0.9
375,1.0
376,2.3
377,3.1
378,3.0
379,2.7
380,2.9
381,2.9
382,1.4
383,2.2
384,2.5
385,3.0
386,2.5
387,2.2
388,3.1
389,3.3
390,1.6
391,2.4
392,2.6
393,2.3
394,1.0
395,2.0
396,2.1
397,1.4
398,1.9
399,0.5
400,0.9
401,2.4
402,3.0
403,3.4
404,2.8
405,1.9
406,1.9
407,2.1
408,0.4
409,2.4
410,2.5
411,3.0
412,2.2
413,2.9
414,2.8
415,2.2
416,2.5
417,1.3
418,0.7
419,0.5
420,1.7
421,0.9
422,2.2
423,2.4
424,2.4
425,0.2
426,1.5
427,2.0
428,1.3
429,2.4
430,2.9
431,2.0
432,0.8
433,2.2
434,2.8
435,2.1
436,2.9
437,2.1
438,0.4
439,2.4
440,0.7
441,2.0
442,1.6
443,1.6
444,1.8
445,0.4
446,0.4
447,1.1
448,2.2
449,0.5
450,1.3
451,2.1
452,2.0
453,2.8
454,0.8
455,0.4
456,1.4
457,1.9
458,2.1
459,1.1
460,1.6
461,2.2
462,2.1
463,1.1
464,1.7
465,2.8
466,3.2
467,2.0
468,2.7
469,2.0
470,2.7
471,2.2
472,1.1
473,1.1
474,2.5
475,2.3
476,2.9
477,2.0
478,2.3
479,1.3
480,2.0
481,3.3
482,3.1
483,2.1
484,3.2
485,2.1
486,1.4
487,2.8
488,0.4
489,1.0
490,2.5
491,3.0
492,3.2
493,3.3
494,1.6
495,2.8
496,1.9
497,1.4
498,2.4
499,0.9
500,2.4
501,1.4
502,2.5
503,2.9
504,1.6
505,0.9
506,2.7
507,2.4
508,2.9
509,2.1
510,2.7
511,3.0
512,2.2
513,2.5
514,3.0
515,0.9
516,2.7
517,2.7
518,2.7
519,3.1
520,3.0
521,2.7
522,2.9
523,3.4
524,3.6
525,1.9
526,3.1
527,0.6
528,0.7
529,2.4
530,0.8
531,2.1
532,1.0
533,2.5
534,2.8
535,0.5
536,1.9
537,2.4
538,1.3
539,1.9
540,0.3
541,1.6
542,1.0
543,1.0
544,0.7
545,0.4
546,0.2
547,0.4
548,0.5
549,1.4
550,0.5
551,1.4
552,1.7
553,1.8
554,0.9
555,1.1
556,0.6
557,0.3
558,1.5
559,2.7
560,2.3
561,3.1
562,0.2
563,1.8
564,1.4
565,0.9
566,3.2
567,3.0
568,2.6
569,2.0
570,1.3
571,3.5
572,0.8
573,1.3
574,2.4
575,2.3
576,1.0
577,3.1
578,3.7
579,3.9
580,2.2
581,4.4
582,2.9
583,3.8
584,3.7
585,1.1
586,1.8
587,1.7
588,0.9
589,3.8
590,1.7
591,4.5
592,3.8
593,3.1
594,3.3
595,2.8
596,3.3
597,2.3
598,2.6
599,2.4
600,1.8
601,1.4
602,3.7
603,1.7
604,1.4
605,3.9
606,2.7
607,3.2
608,3.0
609,2.2
610,2.8
611,1.4
612,1.3
613,1.8
614,3.3
615,3.4
616,2.1
617,2.3
618,2.6
619,2.2
620,2.4
621,1.1
622,1.9
623,2.6
624,1.1
625,1.6
626,2.7
627,0.9
628,2.3
629,3.4
630,3.6
631,2.3
632,2.1
633,2.8
634,2.4
635,3.5
636,0.9
637,1.4
638,0.5
639,3.4
640,4.0
641,2.4
642,3.0
643,4.2
644,3.9
645,2.9
646,0.7
647,2.7
648,2.7
649,2.8
650,2.1
651,2.0
652,1.0
653,1.3
654,1.0
655,1.5
656,1.4
657,0.9
658,3.2
659,2.3
660,0.6
661,2.9
662,2.5
663,3.3
664,3.0
665,2.6
666,1.3
667,2.8
668,2.1
669,1.8
670,0.9
671,1.5
672,1.2
673,2.4
674,2.7
675,0.6
676,3.0
677,3.6
678,2.4
679,3.5
680,3.7
681,3.3
682,4.1
683,3.3
684,4.1
685,3.6
686,0.9
687,3.3
688,3.5
689,3.7
690,2.3
691,1.1
692,3.5
693,1.0
694,3.1
695,2.6
696,4.4
697,3.9
698,2.8
699,2.0
700,3.2
701,3.2
702,3.3
703,2.5
704,0.7
705,2.4
706,1.5
707,1.8
708,2.1
709,1.8
710,2.6
711,2.8
712,0.7
713,0.7
714,0.7
715,2.6
716,3.4
717,3.0
718,1.5
719,2.4
720,0.6
721,2.4
722,1.6
723,2.5
724,0.4
725,2.7
726,3.4
727,2.5
728,3.3
729,3.6
730,3.3
731,0.6
732,0.4
733,2.4
734,2.2
735,2.9
736,2.5
737,1.8
738,2.1
739,2.7
740,3.5
741,2.2
742,2.2
743,3.2
744,2.8
745,0.8
746,2.7
747,3.2
748,3.4
749,2.7
750,1.4
751,3.0
752,0.8
753,2.6
754,1.1
755,2.8
756,2.1
757,1.7
758,1.1
759,1.3
760,1.9
761,1.2
762,1.4
763,2.1
764,2.4
765,3.0
766,3.0
767,2.4
768,2.6
769,2.6
770,3.2
771,2.8
772,0.3
773,2.6
774,1.8
775,1.2
776,2.9
777,0.4
778,2.3
779,2.6
780,3.1
781,0.7
782,2.5
783,2.9
784,2.2
785,1.5
786,2.6
787,2.1
788,2.9
789,2.1
790,0.4
791,2.0
792,1.0
793,2.0
794,2.0
795,2.1
796,2.4
797,0.4
798,0.4
799,1.1
800,2.2
801,0.5
802,1.3
803,2.1
804,2.0
805,2.8
806,0.8
807,0.4
808,1.4
809,1.9
810,2.1
811,1.1
812,1.6
813,2.2
814,2.1
815,1.1
816,1.7
817,2.8
818,3.2
819,2.0
820,2.7
821,2.0
822,2.7
823,2.2
824,1.1
825,1.1
826,2.5
827,2.3
828,2.9
829,2.0
830,2.3
831,1.3
832,2.0
833,3.3
834,3.1
835,2.1
836,3.2
837,2.1
838,1.4
839,2.8
840,0.4
841,1.0
842,2.5
843,3.0
844,3.2
845,3.3
846,1.6
847,2.8
848,1.9
849,1.4
850,2.4
851,0.9
852,2.4
853,1.4
854,2.5
855,2.9
856,1.6
857,0.9
858,2.7
859,2.4
860,2.9
861,2.1
862,2.7
863,3.0
864,2.2
865,2.5
866,3.0
867,0.9
868,2.7
869,2.7
870,2.7
871,3.1
872,3.0
873,2.7
874,3.6
875,2.7
876,3.4
877,2.0
878,2.0
879,2.0
880,1.2
881,2.3
882,2.9
883,2.1
884,2.6
885,2.4
886,2.2
887,2.3
888,2.5
889,2.6
890,2.5
891,2.6
892,0.1
893,1.1
894,0.8
895,1.4
896,0.6
897,0.3
898,0.6
899,0.5
900,0.4
901,0.9
902,1.0
903,1.7
904,1.3
905,2.3
906,2.1
907,0.3
908,0.8
909,1.1
910,0.9
911,1.3
912,1.5
913,2.1
914,1.3
915,1.0
916,1.9
917,0.5
918,1.3
919,2.2
920,1.4
921,2.0
922,2.5
923,3.8
924,3.8
925,2.7
926,0.6
927,3.3
928,4.4
929,1.9
930,1.8
931,2.3
932,3.7
933,1.5
934,2.9
935,2.9
936,1.8
937,3.6
938,4.6
939,3.7
940,4.7
941,3.8
942,0.2
943,3.7
944,4.3
945,1.9
946,2.3
947,3.4
948,3.0
949,3.1
950,3.6
951,3.4
952,1.6
953,3.5
954,2.0
955,1.4
956,3.6
957,3.4
958,1.3
959,2.6
960,3.8
961,3.2
962,3.8
963,1.9
964,0.3
965,1.2
966,3.3
967,2.8
968,2.7
969,2.7
970,2.6
971,1.7
972,3.2
973,2.6
974,2.3
975,1.4
976,2.6
977,3.1
978,2.9
979,0.8
980,1.8
981,1.2
982,3.0
983,0.9
984,2.4
985,2.8
986,0.4
987,2.6
988,1.3
989,3.6
990,3.1
991,4.2
992,3.1
993,4.3
994,0.9
995,3.3
996,1.4
997,3.0
998,1.3
999,1.9
1000,0.1
1001,2.4
1002,1.4
1003,3.3
1004,3.0
1005,1.9
1006,2.6
1007,3.1
1008,2.3
1009,2.9
1010,1.4
1011,3.1
1012,0.6
1013,1.0
1014,3.7
1015,2.9
1016,3.2
1017,2.2
1018,3.6
1019,1.6
1020,2.1
1021,1.9
1022,2.5
1023,0.9
1024,2.4
1025,2.8
1026,2.9
1027,1.5
1028,1.6
1029,0.3
1030,3.2
1031,4.4
1032,2.9
1033,4.8
1034,4.2
1035,3.0
1036,3.8
1037,6.2
1038,2.4
1039,1.1
1040,1.5
1041,3.4
1042,2.0
1043,4.2
1044,0.5
1045,2.9
1046,5.4
1047,4.9
1048,3.6
1049,5.2
1050,0.7
1051,5.1
1052,5.4
1053,4.4
1054,4.2
1055,1.2
1056,0.2
1057,2.4
1058,3.3
1059,1.9
1060,1.8
1061,2.2
1062,0.7
1063,2.6
1064,3.6
1065,3.4
1066,2.7
1067,2.6
1068,0.3
1069,2.8
1070,1.7
1071,2.2
1072,1.1
1073,2.7
1074,1.2
1075,2.3
1076,2.7
1077,1.4
1078,1.2
1079,1.1
1080,1.2
1081,0.8
1082,1.8
1083,0.6
1084,2.3
1085,2.0
1086,1.5
1087,3.2
1088,2.2
1089,1.4
1090,2.2
1091,0.5
1092,3.1
1093,0.6
1094,3.0
1095,1.1
1096,1.4
1097,0.4
1098,2.5
1099,2.6
1100,2.6
1101,2.0
1102,2.4
1103,2.5
1104,2.7
1105,1.6
1106,0.7
1107,0.6
1108,2.6
1109,1.2
1110,0.8
1111,1.1
1112,1.7
1113,0.5
1114,2.5
1115,0.8
1116,2.5
1117,1.1
1118,0.9
1119,1.3
1120,1.7
1121,2.3
1122,0.4
1123,1.0
1124,1.6
1125,0.8
1126,2.4
1127,1.2
1128,0.3
1129,1.7
1130,0.6
1131,1.7
1132,2.7
1133,0.9
1134,1.4
1135,0.9
1136,2.7
1137,1.2
1138,0.4
1139,1.4
1140,1.0
1141,0.8
1142,1.2
1143,1.2
1144,0.6
1145,2.3
1146,1.5
1147,1.6
1148,1.6
1149,0.9
1150,2.2
1151,2.0
1152,2.8
1153,3.0
1154,1.1
1155,1.2
1156,2.8
1157,3.4
1158,1.5
1159,2.8
1160,1.1
1161,3.0
1162,2.5
1163,1.9
1164,1.7
1165,1.9
1166,1.2
1167,1.1
1168,3.1
1169,2.1
1170,3.2
1171,0.6
1172,2.7
1173,0.5
1174,3.0
1175,2.8
1176,1.0
1177,3.2
1178,2.8
1179,1.7
1180,2.0
1181,2.8
1182,3.0
1183,2.3
1184,0.9
1185,1.0
1186,2.4
1187,1.6
1188,2.4
1189,0.8
1190,2.5
1191,3.6
1192,3.7
1193,1.1
1194,1.2
1195,1.0
1196,3.2
1197,3.3
1198,0.9
1199,3.3
1200,0.7
1201,2.0
1202,1.2
1203,2.4
1204,2.5
1205,1.5
1206,1.8
1207,0.9
1208,1.0
1209,1.6
1210,0.7
1211,1.4
1212,2.1
1213,3.3
1214,0.9
1215,1.0
1216,1.9
1217,1.1
1218,0.9
1219,0.4
1220,0.5
1221,0.8
1222,0.2
1223,1.2
1224,2.2
1225,0.6
1226,0.8
1227,1.4
1228,1.2
1229,0.4
1230,1.4
1231,1.2
1232,1.9
1233,1.7
1234,1.2
1235,0.6
1236,0.6
1237,1.2
1238,0.9
1239,1.4
1240,0.5
1241,2.5
1242,2.9
1243,3.3
1244,2.3
1245,2.5
1246,2.2
1247,3.6
1248,4.3
1249,3.8
1250,2.8
1251,1.5
1252,3.4
1253,2.4
1254,2.4
1255,1.1
1256,2.7
1257,1.7
1258,3.6
1259,2.3
1260,2.6
1261,3.9
1262,3.7
1263,4.2
1264,4.5
1265,4.5
1266,1.8
1267,1.3
1268,0.6
1269,1.7
1270,3.4
1271,3.3
1272,1.3
1273,4.2
1274,5.1
1275,3.6
1276,3.2
1277,4.2
1278,5.1
1279,5.7
1280,1.0
1281,0.6
1282,0.8
1283,3.4
1284,1.8
1285,4.0
1286,1.8
1287,4.0
1288,2.1
1289,4.0
1290,3.6
1291,1.4
1292,3.4
1293,3.2
1294,2.9
1295,0.8
1296,3.2
1297,4.0
1298,1.4
1299,2.4
1300,2.2
1301,0.8
1302,2.9
1303,0.8
1304,2.9
1305,2.5
1306,2.4
1307,1.5
1308,3.2
1309,2.6
1310,3.5
1311,0.9
1312,1.1
1313,2.4
1314,3.2
1315,1.3
1316,3.8
1317,1.0
1318,3.4
1319,3.5
1320,1.0
1321,1.2
1322,4.0
1323,3.0
1324,2.4
1325,3.2
1326,0.7
1327,1.5
1328,3.5
1329,1.6
1330,3.6
1331,2.5
1332,2.0
1333,1.0
1334,3.0
1335,1.6
1336,1.0
1337,0.9
1338,3.0
1339,0.2
1340,0.1
1341,3.5
1342,2.5
1343,2.5
1344,2.4
1345,2.9
1346,1.1
1347,1.6
1348,2.8
1349,1.6
1350,2.4
1351,3.7
1352,2.2
1353,3.0
1354,3.2
1355,4.6
1356,1.2
1357,3.7
1358,2.0
1359,3.9
1360,3.3
1361,1.1
1362,2.7
1363,2.3
1364,4.4
1365,3.2
1366,4.9
1367,1.4
1368,3.7
1369,4.4
1370,3.5
1371,0.5
1372,1.7
1373,3.4
1374,4.1
1375,1.4
1376,4.1
1377,4.9
1378,3.2
1379,1.1
1380,4.1
1381,3.7
1382,1.9
1383,4.9
1384,3.3
1385,3.8
1386,1.3
1387,2.1
1388,1.7
1389,4.6
1390,2.4
1391,5.2
1392,3.8
1393,4.1
1394,5.8
1395,4.1
1396,4.5
1397,4.8
1398,1.7
1399,3.0
1400,4.1
1401,3.7
1402,4.0
1403,0.5
1404,4.0
1405,1.3
1406,2.6
1407,1.6
1408,3.3
1409,2.3
1410,1.8
1411,2.0
1412,0.9
1413,1.3
1414,2.3
1415,1.9
1416,1.8
1417,2.2
1418,0.8
1419,2.5
1420,1.5
1421,2.5
1422,2.8
1423,1.7
1424,2.4
1425,1.3
1426,2.0
1427,1.0
1428,1.9
1429,3.2
1430,2.7
1431,0.3
1432,2.2
1433,1.8
1434,2.8
1435,0.6
1436,2.5
1437,0.4
1438,2.3
1439,1.3
1440,0.3
1441,2.7
1442,1.9
1443,1.9
1444,2.4
1445,2.4
1446,2.8
1447,2.5
1448,0.4
1449,3.0
1450,2.8
1451,2.3
1452,2.4
1453,0.9
1454,2.9
1455,2.4
1456,3.1
1457,1.3
1458,2.5
1459,0.7
1460,1.7
1461,2.6
1462,1.6
1463,2.5
1464,1.9
1465,2.7
1466,1.6
1467,2.2
1468,1.4
1469,2.2
1470,1.8
1471,2.7
1472,0.6
1473,2.7
1474,1.8
1475,2.6
1476,0.4
1477,2.4
1478,2.6
1479,2.3
1480,2.4
1481,2.4
1482,2.1
1483,2.6
1484,2.2
1485,0.8
1486,1.5
1487,1.3
1488,0.5
1489,0.2
1490,0.5
1491,2.2
1492,0.7
1493,1.2
1494,2.7
1495,1.5
1496,0.4
1497,1.4
1498,2.8
1499,1.8
1500,0.7
1501,1.7
1502,0.4
1503,0.4
1504,2.0
1505,1.4
1506,3.3
1507,1.3
1508,2.6
1509,2.9
1510,1.0
1511,2.0
1512,2.0
1513,2.1
1514,0.9
1515,2.2
1516,1.9
1517,2.6
1518,2.9
1519,2.1
1520,0.7
1521,3.3
1522,1.6
1523,2.4
1524,3.2
1525,2.7
1526,2.7
1527,3.0
1528,2.6
1529,1.8
1530,2.4
1531,2.2
1532,0.9
1533,1.2
1534,2.7
1535,1.3
1536,2.9
1537,0.8
1538,0.8
1539,2.5
1540,3.2
1541,2.9
1542,2.8
1543,2.3
1544,2.7
1545,0.2
1546,2.6
1547,1.4
1548,1.3
1549,0.7
1550,3.0
1551,2.6
1552,3.3
1553,2.7
1554,2.1
1555,1.8
1556,0.9
1557,2.7
1558,1.2
1559,1.1
1560,1.3
1561,1.7
1562,0.6
1563,1.4
1564,2.1
1565,2.2
1566,1.0
1567,0.7
1568,1.1
1569,1.8
1570,0.8
1571,0.2
1572,0.3
1573,0.6
1574,0.6
1575,0.1
1576,1.2
1577,0.9
1578,0.3
1579,1.6
1580,1.2
1581,2.4
1582,0.6
1583,1.0
1584,0.8
1585,1.7
1586,2.4
1587,2.7
1588,2.4
1589,2.9
1590,2.4
1591,2.4
1592,3.3
1593,3.4
1594,1.8
1595,1.1
1596,3.3
1597,2.6
1598,4.4
1599,2.9
1600,4.0
1601,0.2
1602,2.8
1603,1.6
1604,3.7
1605,1.0
1606,1.9
1607,3.2
1608,4.0
1609,3.1
1610,2.8
1611,2.5
1612,3.3
1613,2.9
1614,3.2
1615,2.8
1616,3.7
1617,0.6
1618,3.2
1619,4.1
1620,4.0
1621,2.6
1622,2.8
1623,3.7
1624,0.3
1625,2.8
1626,1.6
1627,3.3
1628,1.4
1629,1.6
1630,2.7
1631,1.6
1632,3.3
1633,0.8
1634,3.2
1635,3.7
1636,3.9
1637,4.1
1638,2.8
1639,1.7
1640,2.6
1641,2.2
1642,3.5
1643,3.1
1644,2.6
1645,1.2
1646,1.5
1647,3.5
1648,1.8
1649,0.5
1650,3.3
1651,3.7
1652,0.9
1653,3.5
1654,0.8
1655,3.0
1656,3.0
1657,2.4
1658,2.1
1659,3.9
1660,2.1
1661,2.5
1662,4.0
1663,4.4
1664,3.0
1665,2.2
1666,3.3
1667,4.1
1668,4.4
1669,1.1
1670,1.5
1671,3.1
1672,0.9
1673,0.7
1674,3.1
1675,2.4
1676,3.3
1677,2.6
1678,1.2
1679,2.5
1680,3.2
1681,0.9
1682,1.0
1683,0.5
1684,3.6
1685,1.2
1686,3.4
1687,4.3
1688,3.8
1689,3.2
1690,4.1
1691,2.9
1692,2.8
1693,2.6
1694,3.4
1695,2.0
1696,3.9
1697,1.5
1698,1.4
1699,3.5
1700,1.3
1701,3.6
1702,2.5
1703,3.8
1704,3.0
1705,2.8
1706,2.8
1707,2.9
1708,2.8
1709,3.6
1710,3.8
1711,3.2
1712,2.3
1713,2.4
1714,1.4
1715,1.3
1716,3.4
1717,2.8
1718,2.9
1719,1.4
1720,2.7
1721,1.9
1722,3.1
1723,1.0
1724,1.7
1725,2.8
1726,3.2
1727,1.4
1728,4.2
1729,2.1
1730,4.1
1731,1.3
1732,4.4
1733,3.5
1734,6.0
1735,3.8
1736,3.7
1737,3.8
1738,5.0
1739,2.9
1740,3.6
1741,1.3
1742,5.0
1743,1.7
1744,4.8
1745,4.8
1746,1.2
1747,4.3
1748,2.3
1749,5.4
1750,4.6
1751,4.1
1752,2.2
1753,5.1
1754,2.6
1755,4.0
1756,3.8
1757,2.0
1758,1.7
1759,2.6
