,0
0,7.064743589743587
1,7.867307692307692
2,7.889102564102563
3,7.75
4,7.837820512820512
5,8.246794871794872
6,8.25705128205128
7,8.637820512820511
8,8.158974358974358
9,9.210897435897433
10,9.04423076923077
11,7.305128205128203
12,8.203205128205127
13,8.946153846153846
14,8.105128205128207
15,7.730769230769231
16,7.103846153846153
17,7.121794871794871
18,7.92051282051282
19,7.721153846153846
20,6.897435897435898
21,6.560256410256409
22,7.742307692307691
23,6.739743589743587
24,6.681410256410256
25,5.8999999999999995
26,7.142307692307691
27,6.28076923076923
28,7.088461538461538
29,6.776923076923076
30,6.61602564102564
31,7.418589743589742
32,7.537179487179485
33,7.446153846153844
34,7.196794871794871
35,6.515384615384614
36,6.371794871794871
37,7.760897435897436
38,7.291666666666667
39,6.97179487179487
40,7.885256410256409
41,6.997435897435897
42,8.005769230769229
43,6.072435897435897
44,8.768589743589741
45,5.094230769230769
46,8.905128205128204
47,4.577564102564102
48,5.310256410256411
49,4.951282051282051
50,4.951282051282051
51,4.5391025641025635
52,4.41025641025641
53,4.925641025641025
54,4.103205128205127
55,5.177564102564103
56,3.763461538461538
57,4.971153846153846
58,4.169230769230769
59,4.517307692307692
60,4.007051282051282
61,3.537179487179487
62,4.8769230769230765
63,4.982051282051281
64,5.441666666666666
65,5.246153846153847
66,4.507692307692308
67,5.792948717948718
68,5.253846153846154
69,5.58525641025641
70,5.551923076923076
71,5.821153846153846
72,6.119230769230769
73,6.015384615384615
74,5.3211538461538455
75,5.833333333333332
76,5.6
77,5.912179487179486
78,5.87628205128205
79,5.939743589743589
80,5.7250000000000005
81,6.728205128205127
82,6.47179487179487
83,6.0891025641025625
84,6.435897435897434
85,5.542307692307692
86,6.309615384615384
87,6.730769230769231
88,6.618589743589744
89,6.75576923076923
90,7.031410256410256
91,6.976923076923076
92,7.391025641025641
93,7.417307692307692
94,7.823076923076922
95,7.5993589743589745
96,7.475
97,7.683333333333333
98,7.840384615384615
99,7.008333333333333
100,7.757692307692307
101,7.951282051282049
102,7.801282051282051
103,8.296153846153844
104,8.392948717948718
105,9.0025641025641
106,10.117307692307692
107,7.730128205128204
108,8.564743589743589
109,9.061538461538461
110,8.648717948717948
111,9.527564102564103
112,9.218589743589742
113,9.296153846153846
114,9.393589743589745
115,10.216666666666669
116,9.849358974358974
117,9.807051282051281
118,9.771153846153844
119,9.88205128205128
120,10.410897435897436
121,10.32948717948718
122,10.380128205128205
123,10.458333333333334
124,10.728846153846153
125,10.925641025641024
126,11.400641025641026
127,10.898076923076923
128,11.450641025641024
129,9.116666666666665
130,9.631410256410257
131,9.347435897435897
132,9.659615384615384
133,8.445512820512821
134,8.821153846153846
135,7.194230769230769
136,7.982051282051281
137,7.813461538461538
138,7.37628205128205
139,6.591666666666667
140,5.928846153846154
141,6.357051282051281
142,7.093589743589743
143,7.062820512820513
144,6.406410256410256
145,7.050641025641026
146,6.051923076923076
147,6.184615384615384
148,6.572435897435897
149,6.074999999999999
150,6.462179487179488
151,7.625641025641025
152,6.728846153846154
153,6.641666666666666
154,6.916025641025642
155,6.721794871794871
156,7.174358974358973
157,7.125641025641025
158,7.646153846153845
159,7.92051282051282
160,7.609615384615384
161,6.223076923076922
162,6.788461538461538
163,7.26153846153846
164,6.923076923076923
165,6.003846153846153
166,7.603205128205127
167,7.116666666666665
168,6.79679487179487
169,6.401923076923077
170,6.244230769230769
171,6.282051282051282
172,6.640384615384614
173,5.776923076923076
174,7.074999999999998
175,6.940384615384616
176,6.339102564102563
177,6.405769230769231
178,5.971153846153846
179,5.666666666666667
180,5.987179487179486
181,6.015384615384615
182,5.811538461538461
183,5.731410256410256
184,5.389102564102564
185,6.122435897435897
186,6.592307692307691
187,4.615384615384615
188,4.892948717948718
189,4.721153846153846
190,5.757692307692308
191,5.45448717948718
192,5.8717948717948705
193,5.406410256410256
194,5.35576923076923
195,5.565384615384616
196,4.812179487179487
197,5.571794871794871
198,5.365384615384615
199,5.5948717948717945
200,5.892307692307692
201,5.073076923076922
202,5.54102564102564
203,6.6121794871794854
204,5.701282051282051
205,6.50128205128205
206,6.186538461538461
207,6.457692307692308
208,6.449358974358974
209,6.22948717948718
210,6.347435897435896
211,6.350641025641025
212,6.069871794871794
213,5.828205128205128
214,6.108974358974358
215,6.918589743589742
216,6.853846153846153
217,5.925641025641026
218,5.99102564102564
219,6.1730769230769225
220,6.939102564102564
221,7.426282051282051
222,6.198717948717949
223,6.939743589743589
224,7.368589743589744
225,6.382692307692308
226,7.207692307692308
227,6.74102564102564
228,7.049358974358973
229,6.107051282051282
230,6.074999999999998
231,6.4230769230769225
232,6.327564102564102
233,6.412179487179487
234,5.910897435897435
235,5.144230769230769
236,6.874358974358975
237,5.355128205128204
238,5.130128205128204
239,4.889102564102564
240,5.524358974358974
241,5.268589743589743
242,5.1173076923076914
243,5.861538461538461
244,5.0807692307692305
245,5.092948717948717
246,6.312820512820513
247,6.285897435897435
248,7.010256410256409
249,6.4282051282051285
250,5.592307692307691
251,5.284615384615384
252,6.294871794871795
253,6.338461538461538
254,6.06474358974359
255,5.762820512820511
256,5.862820512820512
257,5.983974358974359
258,6.1038461538461535
259,6.447435897435897
260,6.9044871794871785
261,6.5942307692307685
262,6.276923076923077
263,6.706410256410256
264,5.863461538461539
265,5.547435897435897
266,5.748076923076923
267,5.759615384615385
268,7.512179487179487
269,4.693589743589743
270,5.447435897435897
271,4.591025641025641
272,4.944871794871794
273,5.513461538461538
274,5.350641025641025
275,6.052564102564103
276,5.796153846153847
277,5.808333333333333
278,5.303846153846153
279,6.186538461538461
280,5.271153846153846
281,6.276923076923076
282,5.962820512820512
283,5.744230769230769
284,5.6923076923076925
285,4.8448717948717945
286,5.014743589743589
287,7.647435897435898
288,6.776923076923076
289,7.485256410256409
290,6.324358974358974
291,5.634615384615385
292,5.016666666666667
293,7.928846153846153
294,5.360897435897436
295,5.646153846153846
296,4.848076923076923
297,4.525641025641024
298,4.683333333333333
299,3.7807692307692307
300,3.6602564102564097
301,4.117307692307692
302,4.123717948717949
303,4.080128205128204
304,4.609615384615385
305,3.4538461538461536
306,2.97051282051282
307,2.9
308,2.4833333333333334
309,3.07051282051282
310,2.463461538461538
311,2.3602564102564103
312,2.7160256410256407
313,2.789743589743589
314,2.181410256410256
315,2.1794871794871793
316,2.2551282051282047
317,2.1544871794871794
318,2.9698717948717945
319,2.7115384615384617
320,3.2493589743589744
321,2.8249999999999993
322,2.3769230769230765
323,3.0307692307692307
324,3.1391025641025636
325,3.05576923076923
326,2.2666666666666666
327,3.8628205128205124
328,3.0108974358974354
329,2.6307692307692307
330,3.854487179487179
331,2.854487179487179
332,4.054487179487179
333,3.5141025641025645
334,3.1403846153846153
335,3.9358974358974352
336,4.133974358974359
337,3.5346153846153836
338,3.557692307692307
339,3.7653846153846144
340,4.1641025641025635
341,4.203205128205127
342,3.653205128205128
343,3.9467948717948715
344,3.9185897435897434
345,4.501282051282051
346,4.555769230769231
347,4.392948717948718
348,3.9743589743589736
349,4.396794871794872
350,5.061538461538461
351,5.6878205128205135
352,4.213461538461538
353,4.009615384615385
354,3.923076923076923
355,4.818589743589742
356,4.833333333333333
357,4.785256410256411
358,5.160897435897435
359,5.609615384615383
360,5.096153846153846
361,4.500641025641025
362,5.3493589743589745
363,5.023717948717948
364,4.758974358974358
365,5.866666666666665
366,5.8999999999999995
367,5.8865384615384615
368,5.450641025641025
369,5.833974358974358
370,6.442307692307693
371,6.134615384615383
372,7.079487179487178
373,6.239743589743589
374,6.0807692307692305
375,6.785897435897435
376,5.97948717948718
377,6.58205128205128
378,5.9237179487179485
379,6.1038461538461535
380,5.693589743589742
381,6.619871794871794
382,6.827564102564102
383,6.891025641025641
384,7.983974358974359
385,7.228205128205127
386,5.704487179487178
387,6.419871794871794
388,5.841025641025642
389,7.072435897435897
390,6.907692307692307
391,5.583333333333333
392,5.180128205128205
393,6.051282051282051
394,5.953205128205129
395,5.478205128205127
396,3.9288461538461537
397,5.341666666666667
398,4.583333333333333
399,4.432692307692307
400,4.655769230769231
401,3.198717948717949
402,5.130128205128203
403,5.155128205128204
404,5.266666666666666
405,4.689743589743589
406,5.692307692307692
407,6.369230769230769
408,6.46025641025641
409,6.485256410256408
410,5.4237179487179485
411,5.606410256410257
412,5.521794871794872
413,5.461538461538461
414,5.905128205128204
415,7.057692307692307
416,4.829487179487178
417,5.087179487179487
418,4.357692307692306
419,4.822435897435897
420,4.084615384615383
421,3.7698717948717944
422,3.992307692307692
423,3.5346153846153845
424,3.8205128205128207
425,4.5942307692307685
426,4.309615384615384
427,4.776282051282051
428,4.685256410256409
429,3.676282051282051
430,3.6141025641025637
431,4.508333333333333
432,4.2987179487179485
433,3.894230769230769
434,4.280769230769231
435,4.21025641025641
436,5.053205128205128
437,4.72948717948718
438,4.999999999999999
439,4.391025641025641
440,4.508333333333333
441,4.894230769230768
442,4.928205128205128
443,4.796153846153846
444,5.114102564102564
445,5.558333333333333
446,5.731410256410256
447,5.031410256410256
448,4.609615384615384
449,5.589102564102564
450,6.7615384615384615
451,5.268589743589743
452,5.506410256410256
453,5.501282051282051
454,5.430128205128204
455,5.125641025641025
456,6.292948717948717
457,5.032051282051282
458,5.0807692307692305
459,6.064102564102565
460,6.0897435897435885
461,7.098717948717949
462,6.224358974358974
463,5.567948717948718
464,6.421153846153845
465,6.605128205128204
466,6.309615384615384
467,6.469230769230768
468,7.225
469,6.12628205128205
470,7.182051282051282
471,6.369871794871794
472,6.454487179487179
473,7.971794871794871
474,6.137820512820513
475,6.417307692307691
476,7.388461538461538
477,6.075641025641025
478,6.389102564102563
479,6.234615384615385
480,5.252564102564102
481,6.5294871794871785
482,5.117948717948717
483,5.582692307692308
484,5.642307692307692
485,6.526282051282051
486,4.589743589743589
487,3.5314102564102554
488,5.080128205128204
489,6.058333333333333
490,6.11153846153846
491,6.55128205128205
492,6.225
493,4.826923076923077
494,3.4608974358974356
495,3.250641025641025
496,3.1339743589743585
497,3.5846153846153843
498,2.89551282051282
499,3.8698717948717953
500,3.366666666666667
501,2.9044871794871794
502,3.4448717948717955
503,3.5403846153846152
504,3.082051282051282
505,3.1910256410256403
506,3.4551282051282044
507,2.762820512820512
508,3.843589743589743
509,3.4461538461538463
510,3.141666666666666
511,4.27051282051282
512,3.7948717948717947
513,3.9705128205128197
514,3.913461538461538
515,3.68525641025641
516,3.5121794871794862
517,4.4096153846153845
518,4.02051282051282
519,4.093589743589743
520,3.907692307692307
521,4.9782051282051265
522,5.155769230769231
523,4.016025641025641
524,3.722435897435897
525,4.578846153846153
526,4.698717948717948
527,3.823076923076923
528,5.496153846153846
529,5.276282051282051
530,4.262179487179487
531,4.591666666666667
532,5.374999999999999
533,4.735256410256409
534,5.064743589743589
535,5.374358974358974
536,4.381410256410256
537,3.911538461538461
538,5.350641025641025
539,5.345512820512821
540,5.167948717948717
541,5.178846153846153
542,4.971153846153846
543,5.1775641025641015
544,4.5249999999999995
545,5.621794871794871
546,5.086538461538462
547,5.437179487179486
548,5.105128205128204
549,4.2891025641025635
550,4.142948717948718
551,4.2615384615384615
552,4.028205128205127
553,4.676923076923076
554,4.159615384615384
555,4.496794871794871
556,3.9429487179487173
557,5.04102564102564
558,4.66025641025641
559,5.24102564102564
560,4.712179487179487
561,4.6134615384615385
562,5.1506410256410255
563,5.894871794871795
564,5.226282051282051
565,6.828846153846152
566,4.809615384615384
567,5.0294871794871785
568,5.732051282051281
569,5.814102564102563
570,6.075641025641025
571,5.854487179487179
572,5.044230769230769
573,5.962820512820512
574,6.096153846153846
575,5.693589743589743
576,5.24551282051282
577,5.231410256410257
578,6.461538461538461
579,4.416666666666666
580,5.302564102564102
581,5.257051282051281
582,5.515384615384614
583,6.082692307692307
584,5.382692307692308
585,5.8814102564102555
586,5.078846153846153
587,6.11025641025641
588,5.21153846153846
589,3.7621794871794862
590,5.785897435897435
591,4.717948717948717
592,5.008974358974358
593,5.724358974358974
594,6.033974358974358
595,4.976923076923076
596,5.352564102564101
597,5.449358974358974
598,5.450641025641025
599,5.329487179487179
600,4.8999999999999995
601,5.430128205128205
602,4.9788461538461535
603,6.175
604,5.2749999999999995
605,5.785897435897435
606,6.010897435897436
607,6.707692307692307
608,6.9782051282051265
609,5.864102564102564
610,5.739743589743588
611,6.242307692307692
612,6.537179487179487
613,6.4557692307692305
614,6.389743589743589
615,6.393589743589743
616,6.647435897435898
617,7.105769230769231
618,7.633333333333333
619,6.061538461538461
620,7.426923076923076
621,6.825641025641025
622,7.928846153846153
623,7.337179487179487
624,7.966666666666665
625,7.856410256410256
626,7.032051282051282
627,7.830128205128205
628,8.49294871794872
629,7.991666666666665
630,8.530769230769229
631,7.867948717948717
632,8.596153846153847
633,8.683333333333334
634,8.230128205128205
635,8.409615384615385
636,8.539743589743589
637,9.291666666666666
638,8.782692307692306
639,7.902564102564102
640,7.515384615384614
641,7.56602564102564
642,7.368589743589744
643,8.97371794871795
644,7.883333333333335
645,8.503205128205126
646,8.478205128205127
647,7.9044871794871785
648,9.618589743589743
649,8.870512820512818
650,7.989743589743589
651,8.736538461538458
652,7.603205128205127
653,9.85128205128205
654,7.403846153846154
655,7.868589743589742
656,7.5108974358974345
657,8.439743589743589
658,8.16602564102564
659,7.025641025641024
660,7.04102564102564
661,8.537820512820513
662,8.166666666666666
663,7.280769230769229
664,7.243589743589744
665,6.755769230769231
666,7.3807692307692285
667,7.473076923076923
668,7.501923076923076
669,7.348076923076923
670,7.644871794871794
671,6.351282051282051
672,7.03653846153846
673,6.71025641025641
674,6.228846153846154
675,8.252564102564103
676,6.800641025641026
677,8.085897435897435
678,7.089102564102563
679,7.124358974358974
680,7.312820512820511
681,7.308333333333333
682,6.913461538461538
683,7.106410256410256
684,7.0243589743589725
685,6.642948717948719
686,8.317307692307692
687,6.583974358974357
688,8.394871794871793
689,7.139743589743589
690,7.543589743589743
691,7.237179487179487
692,7.401282051282051
693,6.675641025641026
694,7.460897435897434
695,5.765384615384614
696,6.094871794871794
697,5.892948717948717
698,4.978205128205127
699,6.71153846153846
700,5.583333333333332
701,4.839102564102564
702,5.469230769230769
703,4.94102564102564
704,4.012820512820512
705,5.187179487179486
706,5.264743589743589
707,4.017948717948718
708,3.941025641025641
709,4.732051282051281
710,4.861538461538461
711,5.085897435897435
712,4.953205128205129
713,6.045512820512821
714,4.715384615384615
715,6.224358974358974
716,5.073076923076923
717,5.412179487179486
718,4.87051282051282
719,5.565384615384616
720,6.990384615384614
721,5.323076923076923
722,5.655128205128204
723,6.186538461538461
724,5.069230769230769
725,6.324999999999998
726,6.138461538461538
727,7.398076923076922
728,5.972435897435896
729,7.169230769230769
730,6.273717948717949
731,5.849999999999999
732,6.43076923076923
733,6.965384615384615
734,5.873717948717949
735,6.453205128205129
736,5.912179487179487
737,7.033333333333335
738,7.13397435897436
739,8.371153846153847
740,5.9051282051282055
741,5.853846153846154
742,6.688461538461538
743,6.229487179487179
744,6.318589743589744
745,6.75576923076923
746,7.794230769230769
747,8.003846153846153
748,6.097435897435896
749,6.353205128205127
750,7.226282051282053
751,5.963461538461538
752,6.7608974358974345
753,5.414102564102564
754,6.603205128205127
755,5.685897435897435
756,6.576923076923077
757,5.477564102564102
758,5.417307692307692
759,5.485897435897436
760,5.737820512820512
761,6.400641025641025
762,5.249358974358974
763,4.815384615384616
764,5.357692307692307
765,5.805128205128205
766,5.663461538461537
767,5.957051282051281
768,5.754487179487179
769,5.4185897435897425
770,5.264102564102564
771,5.119230769230769
772,5.47051282051282
773,5.178205128205128
774,5.944871794871794
775,5.981410256410256
776,5.593589743589742
777,5.258333333333333
778,5.662179487179487
779,5.866666666666666
780,5.455128205128205
781,5.063461538461538
782,4.64551282051282
783,5.314102564102563
784,5.098076923076922
785,6.3352564102564095
786,5.408974358974358
787,4.6365384615384615
788,4.862820512820512
789,4.348076923076923
790,5.553205128205128
791,5.412820512820512
792,5.247435897435897
793,4.673076923076923
794,5.5660256410256395
795,5.332692307692307
796,4.244230769230769
797,4.776282051282051
798,5.177564102564102
799,5.214743589743589
800,4.518589743589743
801,5.06602564102564
802,5.434615384615383
803,5.065384615384614
804,4.935256410256409
805,5.281410256410256
806,5.755128205128205
807,5.3955128205128196
808,5.042307692307692
809,6.041666666666667
810,6.0858974358974365
811,6.157692307692307
812,6.914743589743589
813,6.125641025641026
814,5.896794871794872
815,6.461538461538462
816,7.1916666666666655
817,6.267307692307693
818,7.17051282051282
819,6.666666666666667
820,7.0
821,7.151923076923077
822,8.321153846153846
823,7.737179487179487
824,8.08205128205128
825,8.451923076923077
826,8.835256410256408
827,9.035897435897436
828,8.254487179487178
829,9.14679487179487
830,10.357051282051282
831,9.418589743589742
832,7.826282051282051
833,10.318589743589744
834,8.592307692307692
835,9.013461538461538
836,9.01153846153846
837,8.591666666666667
838,7.002564102564102
839,8.317307692307692
840,7.327564102564102
841,7.678205128205128
842,7.530769230769229
843,7.041025641025642
844,7.257051282051282
845,5.799358974358975
846,6.278205128205128
847,6.584615384615385
848,5.722435897435897
849,6.964102564102563
850,5.667307692307692
851,6.578205128205129
852,7.097435897435896
853,6.616666666666667
854,6.821794871794871
855,6.4461538461538455
856,6.989102564102562
857,6.755128205128205
858,6.874999999999997
859,6.78205128205128
860,6.412179487179487
861,7.074999999999998
862,5.67628205128205
863,5.305769230769229
864,5.55
865,5.542307692307692
866,6.163461538461537
867,5.552564102564102
868,6.829487179487178
869,5.726923076923077
870,5.716025641025641
871,5.355128205128206
872,6.299999999999999
873,6.177564102564102
874,6.673076923076923
875,6.153846153846154
876,5.781410256410256
877,5.932051282051281
878,6.12628205128205
879,6.201282051282051
880,6.05897435897436
881,6.694871794871794
882,5.846153846153846
883,6.4884615384615385
884,6.033974358974358
885,6.230128205128205
886,6.639102564102563
887,6.755769230769231
888,7.017307692307693
889,7.642948717948718
890,6.589102564102565
891,7.893589743589744
892,7.4179487179487165
893,6.983333333333334
894,7.16153846153846
895,6.821794871794871
896,7.203846153846152
897,7.009615384615385
898,5.956410256410256
899,6.435897435897436
900,8.080128205128204
901,6.3769230769230765
902,7.644230769230769
903,6.603205128205127
904,7.000641025641025
905,7.360256410256409
906,7.640384615384614
907,7.380128205128203
908,5.765384615384614
909,6.605128205128206
910,6.523717948717947
911,5.367307692307692
912,6.641666666666666
913,7.260897435897436
914,6.827564102564102
915,7.151282051282051
916,6.946794871794871
917,7.544230769230767
918,6.303205128205128
919,6.394871794871793
920,7.409615384615384
921,8.49102564102564
922,7.264102564102563
923,7.580128205128205
924,7.058974358974358
925,6.30128205128205
926,6.900641025641024
927,7.023717948717949
928,7.503846153846153
929,6.983333333333334
930,8.064102564102564
931,7.057692307692307
932,7.485897435897434
933,7.869871794871795
934,7.662179487179485
935,8.168589743589743
936,7.8865384615384615
937,7.851923076923076
938,7.817307692307691
939,8.35576923076923
940,7.687820512820511
941,7.819230769230769
942,6.686538461538461
943,8.222435897435897
944,6.839743589743589
945,6.079487179487178
946,5.781410256410257
947,5.496794871794871
948,4.877564102564102
949,4.671794871794871
950,5.507692307692308
951,3.5423076923076917
952,4.699999999999999
953,4.18525641025641
954,4.523717948717948
955,2.8891025641025636
956,2.7551282051282047
957,3.63076923076923
958,2.9198717948717947
959,2.6916666666666664
960,2.9769230769230766
961,2.866025641025641
962,2.9256410256410255
963,2.6326923076923077
964,2.4448717948717946
965,2.6442307692307687
966,3.4083333333333328
967,2.9467948717948715
968,4.1544871794871785
969,3.4057692307692307
970,2.757692307692308
971,2.8692307692307693
972,2.8198717948717946
973,3.0467948717948716
974,2.891025641025641
975,2.946153846153846
976,3.771794871794871
977,3.078205128205128
978,3.5423076923076917
979,3.238461538461538
980,3.1602564102564097
981,3.007051282051282
982,3.10448717948718
983,2.95
984,2.9833333333333334
985,2.8858974358974354
986,3.369230769230769
987,3.369230769230769
988,3.132051282051282
989,3.1134615384615385
990,3.4589743589743582
991,4.068589743589742
992,2.8134615384615382
993,3.2948717948717947
994,2.5435897435897434
995,2.77948717948718
996,3.7070512820512818
997,2.83525641025641
998,3.157051282051282
999,3.0544871794871793
1000,3.205128205128205
1001,3.7730769230769234
1002,2.7743589743589743
1003,3.27051282051282
1004,3.1980769230769224
1005,3.65
1006,4.253205128205129
1007,2.909615384615384
1008,3.657051282051282
1009,3.6967948717948715
1010,4.478846153846153
1011,3.606410256410256
1012,3.0666666666666664
1013,3.0820512820512818
1014,4.555128205128205
1015,3.6955128205128207
1016,4.653846153846153
1017,4.120512820512821
1018,3.6628205128205127
1019,4.545512820512822
1020,4.442948717948718
1021,4.828846153846153
1022,5.125
1023,4.333333333333333
1024,4.716025641025642
1025,4.212179487179487
1026,5.281410256410255
1027,4.962820512820512
1028,5.802564102564103
1029,4.698717948717948
1030,4.882692307692308
1031,5.357051282051282
1032,5.660256410256409
1033,5.056410256410256
1034,6.140384615384614
1035,5.0762820512820515
1036,5.800641025641025
1037,4.887820512820512
1038,5.674999999999999
1039,5.41474358974359
1040,5.307692307692307
1041,6.142307692307691
1042,5.155769230769231
1043,5.717307692307691
1044,5.478205128205127
1045,6.242948717948718
1046,5.689102564102563
1047,6.044230769230769
1048,6.5948717948717945
1049,6.782051282051282
1050,6.649999999999998
1051,6.712179487179485
1052,7.189102564102564
1053,7.394230769230769
1054,6.9512820512820515
1055,6.417307692307691
1056,6.88653846153846
1057,7.383974358974358
1058,6.494871794871794
1059,6.6217948717948705
1060,6.985256410256409
1061,7.157051282051282
1062,6.266025641025641
1063,7.17179487179487
1064,6.784615384615385
1065,6.088461538461538
1066,7.783333333333332
1067,7.009615384615385
1068,7.989743589743591
1069,7.464743589743589
1070,7.173076923076922
1071,6.38397435897436
1072,7.842948717948716
1073,6.298717948717948
1074,6.791025641025642
1075,7.201923076923077
1076,7.133974358974358
1077,6.9128205128205105
1078,8.222435897435897
1079,7.0993589743589745
1080,6.721794871794871
1081,6.869871794871794
1082,5.188461538461538
1083,8.005769230769232
1084,7.230128205128204
1085,6.060897435897436
1086,5.874358974358974
1087,5.712179487179487
1088,6.5294871794871785
1089,6.705128205128205
1090,5.922435897435897
1091,5.808974358974358
1092,5.307051282051282
1093,6.8307692307692305
1094,5.085897435897435
1095,5.894871794871794
1096,6.217307692307692
1097,5.0249999999999995
1098,6.544871794871794
1099,3.769230769230769
1100,4.975641025641026
1101,4.990384615384615
1102,3.4858974358974355
1103,3.5025641025641026
1104,4.0807692307692305
1105,3.4891025641025637
1106,3.6435897435897435
1107,2.779487179487179
1108,3.108974358974359
1109,3.1038461538461535
1110,3.551282051282051
1111,3.7570512820512816
1112,3.675
1113,3.598717948717948
1114,3.564743589743589
1115,3.2551282051282047
1116,2.8410256410256407
1117,4.187179487179487
1118,3.1256410256410256
1119,3.0474358974358964
1120,3.55
1121,2.751282051282051
1122,2.701923076923077
1123,2.940384615384615
1124,3.0250000000000004
1125,2.6653846153846152
1126,2.83974358974359
1127,2.976282051282051
1128,2.8935897435897435
1129,2.9358974358974357
1130,3.1141025641025637
1131,3.0461538461538455
1132,3.2833333333333323
1133,3.724999999999999
1134,3.346794871794871
1135,3.346794871794872
1136,2.80576923076923
1137,2.732051282051282
1138,3.2993589743589746
1139,3.4711538461538463
1140,2.666666666666667
1141,3.587820512820513
1142,3.447435897435897
1143,3.0826923076923074
1144,3.269230769230769
1145,3.4019230769230773
1146,3.701282051282051
1147,3.4096153846153836
1148,3.8948717948717944
1149,3.4064102564102563
1150,3.513461538461538
1151,2.9198717948717947
1152,3.131410256410256
1153,3.7333333333333334
1154,3.729487179487179
1155,3.625641025641025
1156,3.710897435897435
1157,3.971794871794872
1158,3.8641025641025633
1159,3.302564102564103
1160,4.282051282051281
1161,3.8551282051282043
1162,4.001282051282051
1163,3.412179487179487
1164,4.157692307692307
1165,3.7724358974358974
1166,3.416666666666666
1167,4.1641025641025635
1168,4.180128205128205
1169,4.269871794871794
1170,4.976923076923078
1171,3.855128205128205
1172,4.90576923076923
1173,3.879487179487178
1174,4.577564102564102
1175,4.216025641025641
1176,5.131410256410256
1177,4.824999999999999
1178,4.919871794871794
1179,4.940384615384614
1180,5.11474358974359
1181,4.828846153846153
1182,4.631410256410255
1183,5.201282051282051
1184,5.023717948717949
1185,4.982692307692306
1186,5.165384615384614
1187,4.958974358974358
1188,5.2326923076923055
1189,5.7237179487179475
1190,5.38974358974359
1191,5.8717948717948705
1192,5.096153846153846
1193,5.019871794871795
1194,5.733333333333332
1195,4.91025641025641
1196,6.489102564102564
1197,4.8166666666666655
1198,6.383974358974359
1199,6.473076923076923
1200,6.2237179487179475
1201,6.118589743589743
1202,6.204487179487178
1203,5.007692307692308
1204,5.413461538461538
1205,6.453205128205127
1206,6.394871794871794
1207,6.782692307692307
1208,6.278205128205127
1209,6.228205128205127
1210,4.959615384615385
1211,5.786538461538462
1212,7.468589743589743
1213,6.046153846153845
1214,6.633974358974356
1215,7.327564102564102
1216,7.7557692307692285
1217,7.096794871794871
1218,7.851923076923078
1219,7.044230769230769
1220,6.951923076923077
1221,7.868589743589744
1222,7.847435897435896
1223,7.80897435897436
1224,8.473717948717947
1225,7.8211538461538455
1226,8.34807692307692
1227,7.803846153846153
1228,8.326282051282051
1229,8.611538461538462
1230,9.073076923076924
1231,9.35705128205128
1232,8.559615384615384
1233,9.437820512820512
1234,9.510897435897435
1235,9.312820512820512
1236,9.490384615384615
1237,9.940384615384614
1238,10.196153846153845
1239,10.38076923076923
1240,10.246794871794872
1241,9.817948717948717
1242,10.644871794871793
1243,9.586538461538462
1244,9.882692307692306
1245,9.924999999999999
1246,8.078846153846152
1247,9.707692307692305
1248,9.178205128205128
1249,8.673717948717949
1250,10.247435897435897
1251,9.18076923076923
1252,9.763461538461538
1253,9.88205128205128
1254,7.6551282051282055
1255,8.00128205128205
1256,7.497435897435897
1257,7.1269230769230765
1258,8.943589743589742
1259,7.694230769230769
1260,7.905769230769229
1261,7.051923076923076
1262,6.827564102564102
1263,6.780128205128204
1264,7.076923076923077
1265,6.6775641025641015
1266,6.99102564102564
1267,6.7192307692307685
1268,6.603205128205127
1269,6.612820512820512
1270,6.550641025641025
1271,7.967948717948718
1272,8.213461538461539
1273,7.326282051282051
1274,7.6910256410256395
1275,7.425
1276,6.501282051282051
1277,6.801923076923076
1278,7.887179487179488
1279,7.149999999999998
1280,7.262820512820513
1281,7.033333333333332
1282,7.098076923076921
1283,7.396794871794871
1284,6.617948717948718
1285,6.832692307692307
1286,7.976282051282051
1287,8.077564102564102
1288,8.291666666666666
1289,7.3576923076923055
1290,5.881410256410256
1291,7.5391025641025635
1292,6.934615384615383
1293,5.401923076923077
1294,5.389743589743588
1295,6.273717948717948
1296,4.85448717948718
1297,5.103205128205127
1298,5.869230769230769
1299,5.481410256410256
1300,4.144871794871794
1301,4.24102564102564
1302,5.199358974358975
1303,4.726282051282051
1304,5.510256410256411
1305,4.817948717948718
1306,5.508333333333333
1307,4.8307692307692305
1308,4.030128205128205
1309,7.00128205128205
1310,4.922435897435897
1311,5.0993589743589745
1312,4.4326923076923075
1313,4.685256410256409
1314,4.9230769230769225
1315,4.473076923076923
1316,4.567948717948718
1317,5.219871794871794
1318,5.093589743589743
1319,4.760256410256409
1320,5.814102564102563
1321,5.079487179487178
1322,4.882051282051282
1323,6.304487179487178
1324,5.166025641025641
1325,5.658333333333332
1326,5.466666666666667
1327,5.475641025641026
1328,6.328846153846153
1329,5.396153846153846
1330,6.123717948717949
1331,6.371794871794871
1332,6.9743589743589745
1333,6.23076923076923
1334,6.935897435897436
1335,6.303205128205128
1336,8.11153846153846
1337,6.69102564102564
1338,7.073076923076924
1339,6.19102564102564
1340,7.391025641025641
1341,7.798717948717949
1342,7.31602564102564
1343,7.852564102564102
1344,7.999358974358975
1345,8.09102564102564
1346,8.676282051282051
1347,7.023076923076922
1348,8.609615384615385
1349,7.9192307692307695
1350,7.263461538461538
1351,7.362820512820512
1352,6.771794871794869
1353,7.326282051282051
1354,7.0429487179487165
1355,7.569230769230769
1356,6.484615384615383
1357,7.351282051282051
1358,7.555769230769229
1359,7.199358974358974
1360,6.710256410256409
1361,7.476282051282051
1362,7.00897435897436
1363,7.339743589743589
1364,8.237820512820512
1365,6.9743589743589745
1366,6.821794871794871
1367,7.642948717948718
1368,7.957692307692307
1369,7.392307692307691
1370,6.159615384615384
1371,6.63076923076923
1372,6.9608974358974365
1373,6.346153846153846
1374,6.53525641025641
1375,7.459615384615385
1376,6.417307692307691
1377,6.146153846153846
1378,7.144871794871794
1379,5.556410256410256
1380,7.1589743589743575
1381,5.914743589743589
1382,5.7467948717948705
1383,5.537179487179487
1384,5.60576923076923
1385,5.8621794871794854
1386,5.43076923076923
1387,5.060897435897436
1388,5.014102564102563
1389,5.5948717948717945
1390,4.228846153846153
1391,4.641666666666666
1392,4.185897435897435
1393,3.9012820512820507
1394,4.842307692307691
1395,4.629487179487179
1396,4.458333333333333
1397,5.419871794871794
1398,5.301923076923075
1399,4.212179487179487
1400,5.2935897435897425
1401,4.873717948717949
1402,5.075641025641025
1403,4.78974358974359
1404,5.163461538461538
1405,5.426282051282051
1406,5.441666666666666
1407,5.294871794871794
1408,5.753846153846153
1409,6.317948717948717
1410,6.057051282051281
1411,6.3775641025641026
1412,6.559615384615384
1413,7.101282051282049
1414,6.8769230769230765
1415,6.846153846153846
1416,6.908333333333332
1417,7.033333333333332
1418,7.387820512820511
1419,6.372435897435897
1420,7.003846153846153
1421,7.777564102564102
1422,7.4647435897435885
1423,8.066025641025641
1424,8.361538461538458
1425,7.681410256410256
1426,7.509615384615383
1427,7.917948717948718
1428,8.629487179487178
1429,8.95705128205128
1430,9.232692307692306
1431,8.473717948717947
1432,9.534615384615384
1433,8.604487179487178
1434,9.383974358974358
1435,8.955128205128204
1436,7.710897435897434
1437,8.943589743589742
1438,8.730128205128207
1439,9.139743589743588
1440,8.809615384615382
1441,9.083333333333334
1442,9.940384615384616
1443,10.007692307692308
1444,9.196153846153846
1445,9.309615384615382
1446,9.531410256410256
1447,10.282051282051281
1448,9.683333333333334
1449,9.883333333333331
1450,9.033333333333331
1451,8.342307692307694
1452,9.59551282051282
1453,9.843589743589742
1454,9.48974358974359
1455,8.197435897435895
1456,7.582051282051282
1457,6.83205128205128
1458,7.46602564102564
1459,7.134615384615385
1460,7.689102564102564
1461,7.5955128205128215
1462,7.383333333333333
1463,5.201282051282051
1464,5.962820512820512
1465,6.652564102564102
1466,5.8500000000000005
1467,5.7423076923076914
1468,4.86025641025641
1469,4.982692307692307
1470,5.593589743589743
1471,5.1499999999999995
1472,4.926923076923076
1473,4.892307692307692
1474,4.882051282051282
1475,4.516666666666666
1476,4.924358974358974
1477,4.913461538461538
1478,5.093589743589743
1479,5.67051282051282
1480,4.375641025641025
1481,5.692307692307692
1482,4.708333333333333
1483,4.985897435897436
1484,5.834615384615384
1485,5.976923076923076
1486,5.081410256410257
1487,5.005128205128205
1488,5.260256410256409
1489,5.586538461538462
1490,5.320512820512819
1491,5.503205128205129
1492,5.2846153846153845
1493,5.837820512820512
1494,4.890384615384614
1495,6.2423076923076914
1496,5.508333333333332
1497,6.377564102564103
1498,6.010897435897436
1499,6.374999999999999
1500,6.832692307692307
1501,6.419871794871794
1502,6.67948717948718
1503,6.591666666666665
1504,7.550641025641025
1505,7.607051282051281
1506,7.623076923076922
1507,8.596153846153845
1508,8.060897435897436
1509,7.456410256410256
1510,8.018589743589743
1511,7.496153846153845
1512,8.20897435897436
1513,7.174358974358973
1514,7.8166666666666655
1515,8.17628205128205
1516,7.668589743589742
1517,8.378846153846153
1518,8.666666666666666
1519,8.63205128205128
1520,9.063461538461537
1521,8.188461538461537
1522,8.320512820512821
1523,8.376923076923076
1524,9.208333333333334
1525,8.584615384615384
1526,8.988461538461538
1527,9.371153846153845
1528,9.439743589743589
1529,8.582692307692309
1530,9.008333333333333
1531,9.057692307692308
1532,9.404487179487178
1533,9.281410256410254
1534,9.700000000000001
1535,9.728846153846153
1536,8.810256410256411
1537,10.174358974358976
1538,8.750641025641025
1539,8.703846153846152
1540,9.071153846153846
1541,8.661538461538461
1542,7.851282051282051
1543,8.041666666666666
1544,8.112820512820512
1545,7.96602564102564
1546,7.980769230769231
1547,7.214743589743589
1548,6.86153846153846
1549,7.82948717948718
1550,6.775
1551,6.8262820512820515
1552,7.3493589743589745
1553,7.2108974358974365
1554,6.905769230769231
1555,6.360897435897436
1556,7.362179487179487
1557,7.937179487179486
1558,8.014102564102563
1559,8.141666666666666
1560,8.169230769230767
1561,7.4833333333333325
1562,8.625641025641025
1563,7.96346153846154
1564,8.317948717948717
1565,8.07179487179487
1566,8.468589743589742
1567,9.103846153846154
1568,7.694230769230767
1569,8.48205128205128
1570,7.819230769230769
1571,8.280128205128205
1572,7.410256410256411
1573,8.085897435897433
1574,8.38653846153846
1575,9.228846153846153
1576,8.082692307692309
1577,6.8211538461538455
1578,6.785256410256409
1579,7.178846153846153
1580,7.3865384615384615
1581,6.776282051282051
1582,6.848717948717947
1583,7.9461538461538455
1584,7.5538461538461545
1585,7.546153846153845
1586,6.823076923076921
1587,6.67948717948718
1588,8.092948717948717
1589,8.562179487179487
1590,7.589102564102565
1591,8.17179487179487
1592,7.592307692307693
1593,7.628846153846153
1594,8.626923076923076
1595,8.575
1596,8.839102564102562
1597,9.075
1598,8.048717948717949
1599,8.679487179487177
1600,8.642948717948716
1601,8.64679487179487
1602,8.894871794871793
1603,7.805769230769229
1604,8.73525641025641
1605,7.419871794871795
1606,7.69102564102564
1607,8.260897435897435
1608,7.673076923076922
1609,8.75128205128205
1610,7.307051282051281
1611,7.758333333333332
1612,6.933974358974358
1613,7.096153846153846
1614,6.332692307692307
1615,5.792307692307692
1616,5.778205128205127
1617,7.284615384615383
1618,7.901282051282051
1619,6.468589743589743
1620,6.202564102564102
1621,6.033974358974358
1622,6.310897435897436
1623,6.513461538461538
1624,6.865384615384614
1625,7.246153846153845
1626,6.878205128205127
1627,7.406410256410257
1628,7.234615384615384
1629,7.732051282051282
1630,8.39551282051282
1631,8.226282051282052
1632,7.528846153846154
1633,8.044230769230769
1634,8.202564102564104
1635,8.75705128205128
1636,8.664102564102565
1637,8.884615384615385
1638,8.410897435897436
1639,8.950641025641024
1640,8.963461538461539
1641,8.562179487179487
1642,7.924358974358973
1643,9.513461538461538
1644,8.444230769230767
1645,8.320512820512821
1646,8.613461538461538
1647,8.59807692307692
1648,8.137179487179484
1649,9.635897435897437
1650,8.57179487179487
1651,8.526923076923076
1652,8.440384615384614
1653,9.013461538461538
1654,7.415384615384614
1655,8.701282051282051
1656,7.460897435897434
1657,7.562179487179486
1658,7.100641025641026
1659,8.621153846153847
1660,8.344230769230768
1661,8.925641025641024
1662,8.203846153846154
1663,8.21602564102564
1664,7.62628205128205
1665,8.587820512820512
1666,7.194230769230767
1667,7.344871794871793
1668,7.509615384615385
1669,8.50128205128205
1670,6.5249999999999995
1671,7.876923076923076
1672,7.502564102564102
1673,7.903846153846152
1674,7.4461538461538455
1675,7.656410256410257
1676,7.203205128205127
1677,8.490384615384613
1678,6.837179487179487
1679,7.502564102564102
1680,7.6499999999999995
1681,8.212820512820514
1682,8.044230769230769
1683,7.528846153846154
1684,8.00448717948718
1685,8.072435897435897
1686,8.002564102564103
1687,8.97307692307692
1688,8.157692307692308
1689,7.691666666666667
1690,8.532051282051283
1691,8.618589743589743
1692,9.410897435897436
1693,9.960897435897436
1694,9.191025641025643
1695,9.385897435897435
1696,7.9275641025641015
1697,7.935897435897436
1698,6.508974358974359
1699,7.5801282051282035
1700,8.751923076923077
1701,7.448717948717949
1702,7.82051282051282
1703,6.364102564102563
1704,7.0
1705,6.189743589743589
1706,6.23653846153846
1707,6.7147435897435885
1708,7.355769230769231
1709,7.305769230769229
1710,6.771153846153846
1711,6.049358974358974
1712,6.367307692307692
1713,5.6737179487179485
1714,6.442948717948718
1715,6.346794871794871
1716,6.2987179487179485
1717,6.926923076923076
1718,7.101282051282049
1719,7.1737179487179485
1720,8.015384615384615
1721,8.12628205128205
1722,7.4
1723,8.864102564102563
1724,8.155128205128204
1725,8.91474358974359
1726,8.707051282051282
1727,8.32948717948718
1728,9.159615384615384
1729,8.78525641025641
1730,8.313461538461537
1731,8.582051282051284
1732,9.710897435897433
1733,9.409615384615384
1734,7.734615384615384
1735,9.777564102564103
1736,9.992948717948718
1737,10.194871794871792
1738,7.642948717948718
1739,8.803846153846154
1740,8.11025641025641
1741,7.901923076923076
1742,6.3999999999999995
1743,7.773717948717949
1744,9.210897435897435
1745,8.696153846153846
1746,7.660897435897435
1747,8.380128205128203
1748,8.41602564102564
1749,8.404487179487178
1750,8.029487179487178
1751,8.13974358974359
1752,8.101282051282052
1753,8.48974358974359
1754,9.263461538461538
1755,8.326923076923077
1756,10.604487179487178
1757,9.801923076923076
1758,8.576923076923077
1759,11.040384615384614
1760,9.245512820512822
1761,9.237820512820512
1762,9.727564102564102
1763,8.803846153846154
1764,10.267948717948716
1765,7.784615384615384
1766,8.35576923076923
1767,6.280128205128205
1768,7.3173076923076925
1769,8.357692307692306
1770,8.592948717948717
1771,7.0948717948717945
1772,5.467307692307692
1773,6.088461538461538
1774,7.11602564102564
1775,6.2051282051282035
1776,6.168589743589743
1777,5.74102564102564
1778,5.228205128205127
1779,6.339102564102563
1780,6.312820512820513
1781,5.216025641025641
1782,5.135256410256409
1783,5.303846153846153
1784,5.058333333333333
1785,4.813461538461539
1786,4.573076923076922
1787,5.598076923076923
1788,5.666666666666666
1789,4.896153846153846
1790,5.789743589743589
1791,5.86602564102564
1792,4.364743589743589
1793,6.967948717948718
1794,5.17051282051282
1795,6.382051282051282
1796,5.573076923076922
1797,4.983974358974359
1798,5.407051282051282
1799,4.991025641025639
1800,5.678846153846153
1801,4.782692307692307
1802,5.172435897435896
1803,4.884615384615385
1804,5.633333333333333
1805,5.8865384615384615
1806,5.616666666666666
1807,5.90128205128205
1808,4.950641025641025
1809,5.512179487179487
1810,5.467307692307691
1811,5.307051282051282
1812,5.300641025641025
1813,5.42051282051282
1814,5.374999999999999
1815,5.553205128205128
1816,5.942307692307692
1817,5.992948717948717
1818,5.151923076923077
1819,5.0717948717948715
1820,5.155128205128205
1821,5.267948717948718
1822,4.934615384615384
1823,6.562820512820511
1824,5.782051282051281
1825,5.458333333333333
1826,6.190384615384616
1827,5.738461538461538
1828,5.949358974358974
1829,6.367948717948718
1830,5.773717948717948
1831,5.621153846153845
1832,6.9339743589743605
1833,7.03205128205128
1834,7.958333333333333
1835,7.0948717948717945
1836,7.926923076923076
1837,8.048717948717947
1838,8.444230769230769
1839,8.088461538461537
1840,8.294871794871796
1841,8.725
1842,8.814743589743589
1843,8.44423076923077
1844,8.30576923076923
1845,8.539102564102565
1846,9.040384615384616
1847,9.044230769230769
1848,9.112820512820512
1849,9.857692307692306
1850,9.349358974358974
1851,9.840384615384615
1852,9.033974358974357
1853,8.478205128205127
1854,9.781410256410256
1855,9.267948717948716
1856,7.822435897435896
1857,7.442307692307691
1858,9.875
1859,8.182692307692308
1860,7.747435897435897
1861,6.49102564102564
1862,5.956410256410256
1863,5.683974358974359
1864,4.7756410256410255
1865,5.943589743589742
1866,4.815384615384615
1867,4.705128205128205
1868,4.466025641025641
1869,4.308333333333333
1870,4.237820512820512
1871,4.3538461538461535
1872,3.63076923076923
1873,4.546794871794871
1874,4.746794871794871
1875,4.741666666666665
1876,4.71602564102564
1877,5.137820512820513
1878,3.9166666666666665
1879,4.36923076923077
1880,3.788461538461538
1881,4.339743589743589
1882,4.378846153846153
1883,4.991025641025642
1884,4.444230769230769
1885,5.073076923076922
1886,5.966666666666667
1887,4.8532051282051265
1888,4.703846153846153
1889,4.807692307692307
1890,5.134615384615385
1891,4.477564102564102
1892,4.902564102564102
1893,5.544230769230769
1894,4.831410256410256
1895,6.083974358974358
1896,5.110897435897436
1897,4.948076923076923
1898,4.589743589743589
1899,5.439743589743589
1900,4.750641025641025
1901,4.533333333333333
1902,4.47051282051282
1903,4.160256410256411
1904,4.242307692307692
1905,4.405128205128205
1906,4.762179487179487
1907,4.7198717948717945
1908,4.398717948717948
1909,3.311538461538461
1910,4.217307692307692
1911,4.576923076923077
1912,3.683974358974359
1913,3.224358974358974
1914,3.4615384615384617
1915,3.5307692307692307
1916,4.12628205128205
1917,2.8788461538461534
1918,4.6506410256410255
1919,3.0987179487179484
1920,3.114743589743589
1921,2.9948717948717944
1922,2.9185897435897434
1923,2.996153846153846
1924,3.4224358974358973
1925,3.20576923076923
1926,3.5205128205128196
1927,3.8698717948717936
1928,2.955128205128205
1929,2.9865384615384616
1930,3.701923076923077
1931,3.4179487179487174
1932,3.632051282051282
1933,4.288461538461538
1934,4.887179487179487
1935,4.13076923076923
1936,3.9448717948717946
1937,3.8320512820512818
1938,4.125
1939,4.964743589743589
1940,4.36602564102564
1941,5.565384615384613
1942,4.944871794871794
1943,5.399358974358974
1944,5.648076923076921
1945,4.732051282051281
1946,5.054487179487178
1947,5.197435897435897
1948,4.8493589743589745
1949,5.7608974358974345
1950,5.4974358974358974
1951,4.8448717948717945
1952,5.637820512820511
1953,5.698076923076922
1954,5.776923076923076
1955,5.547435897435896
1956,6.675641025641025
1957,5.919871794871795
1958,7.484615384615384
1959,6.5711538461538455
1960,7.422435897435896
1961,6.730128205128204
1962,7.132051282051282
1963,6.7705128205128196
1964,7.188461538461538
1965,7.726923076923076
1966,7.7794871794871785
1967,8.061538461538461
1968,8.373076923076923
1969,7.169871794871795
1970,6.953205128205127
1971,6.73653846153846
1972,6.987820512820512
1973,6.739743589743591
1974,6.11602564102564
1975,6.668589743589743
1976,7.875
1977,6.254487179487178
1978,7.323717948717947
1979,6.959615384615385
1980,7.36602564102564
1981,6.216666666666667
1982,7.547435897435898
1983,6.165384615384615
1984,7.0993589743589745
1985,6.607051282051281
1986,6.739743589743589
1987,6.976282051282051
1988,7.685256410256411
1989,8.11923076923077
1990,8.199358974358974
1991,9.228205128205127
1992,8.50897435897436
1993,8.431410256410256
1994,9.301923076923076
1995,8.250641025641025
1996,8.166666666666666
1997,7.5987179487179475
1998,8.32628205128205
1999,8.474358974358974
2000,8.614743589743588
2001,8.461538461538462
2002,8.653846153846153
2003,9.419871794871794
2004,10.197435897435895
2005,10.637820512820511
2006,8.900641025641026
2007,7.646153846153845
2008,6.786538461538462
2009,8.923717948717949
2010,8.628846153846153
2011,8.831410256410255
2012,7.231410256410256
2013,7.712820512820513
2014,6.823717948717949
2015,7.23653846153846
2016,6.490384615384615
2017,6.5987179487179475
2018,6.490384615384615
2019,7.181410256410256
2020,6.678205128205128
2021,6.040384615384615
2022,5.240384615384615
2023,6.535897435897435
2024,6.557051282051281
2025,5.955128205128205
2026,6.012820512820513
2027,6.192307692307692
2028,6.491025641025639
2029,6.129487179487179
2030,5.958974358974357
2031,6.900641025641024
2032,7.110897435897434
2033,6.963461538461536
2034,7.474358974358973
2035,6.7
2036,5.694871794871794
2037,7.2012820512820515
2038,6.964743589743589
2039,6.182051282051282
2040,7.0205128205128196
2041,6.753205128205127
2042,5.7705128205128196
2043,5.368589743589744
2044,6.0993589743589745
2045,5.29551282051282
2046,6.183974358974358
2047,6.235897435897436
2048,6.051282051282051
2049,6.156410256410256
2050,5.4698717948717945
2051,6.91474358974359
2052,5.819230769230769
2053,7.1544871794871785
2054,7.8160256410256395
2055,5.6916666666666655
2056,6.014743589743588
2057,5.650641025641025
2058,5.7801282051282055
2059,6.431410256410256
2060,6.907692307692307
2061,6.051923076923076
2062,6.52628205128205
2063,5.850641025641025
2064,5.946794871794872
2065,5.82948717948718
2066,5.469230769230769
2067,6.008974358974359
2068,6.512179487179487
2069,6.996794871794871
2070,5.397435897435897
2071,6.692307692307691
2072,4.85448717948718
2073,6.234615384615384
2074,5.550641025641025
2075,6.198717948717949
2076,5.416025641025641
2077,5.028846153846153
2078,5.822435897435897
2079,4.897435897435897
2080,5.5807692307692305
2081,5.864102564102564
2082,5.901282051282051
2083,5.857692307692306
2084,6.6269230769230765
2085,4.708333333333333
2086,7.203846153846152
2087,5.449358974358974
2088,5.690384615384615
2089,6.054487179487179
2090,4.5717948717948715
2091,4.633974358974358
2092,6.264102564102564
2093,4.6737179487179485
2094,6.379487179487178
2095,4.666025641025642
2096,5.456410256410257
2097,4.4096153846153845
2098,6.57051282051282
2099,3.606410256410256
2100,3.8897435897435892
2101,2.89551282051282
2102,3.1314102564102564
2103,3.05576923076923
2104,3.496794871794871
2105,3.8487179487179484
2106,3.4166666666666665
2107,3.7980769230769225
2108,3.0064102564102555
2109,3.348076923076922
2110,3.2846153846153845
2111,2.8365384615384612
2112,3.4858974358974355
2113,3.205128205128204
2114,3.770512820512821
2115,3.4499999999999997
2116,2.896153846153846
2117,3.3038461538461537
2118,3.588461538461538
2119,3.7743589743589743
2120,3.625641025641025
2121,3.789743589743589
2122,3.286538461538461
2123,3.9826923076923073
2124,3.9333333333333327
2125,3.1358974358974354
2126,3.157692307692308
2127,3.467307692307693
2128,3.6128205128205124
2129,3.4871794871794872
2130,3.7679487179487174
2131,4.314743589743589
2132,4.575641025641026
2133,4.18525641025641
2134,4.446794871794872
2135,4.141666666666666
2136,3.976282051282052
2137,3.878846153846154
2138,3.1378205128205128
2139,4.037179487179487
2140,3.77948717948718
2141,4.155128205128205
2142,3.0243589743589743
2143,4.05128205128205
2144,3.141666666666667
2145,4.352564102564102
2146,4.868589743589743
2147,3.4589743589743582
2148,4.458333333333333
2149,4.393589743589743
2150,3.4358974358974357
2151,4.059615384615384
2152,4.432051282051282
2153,4.5
2154,4.277564102564102
2155,5.060256410256409
2156,4.664743589743589
2157,4.653205128205127
2158,4.95705128205128
2159,4.937179487179487
2160,5.371153846153845
2161,4.362179487179487
2162,4.281410256410256
2163,4.951923076923077
2164,4.93076923076923
2165,4.492948717948717
2166,5.605128205128205
2167,5.8
2168,5.898076923076923
2169,6.269871794871794
2170,7.0256410256410255
2171,5.160256410256411
2172,6.58525641025641
2173,6.345512820512821
2174,6.628205128205129
2175,6.411538461538461
2176,6.269230769230767
2177,7.587820512820512
2178,6.183974358974359
2179,7.70448717948718
2180,7.503205128205129
2181,7.4416666666666655
2182,7.0942307692307685
2183,7.578205128205127
2184,6.791666666666665
2185,7.246794871794871
2186,6.464743589743589
2187,6.5666666666666655
2188,9.112820512820512
2189,7.355769230769231
2190,8.291025641025639
2191,7.87628205128205
2192,7.854487179487178
2193,9.033333333333331
2194,8.962820512820514
2195,9.410897435897436
2196,9.003846153846153
2197,10.464102564102562
2198,7.754487179487178
2199,9.060256410256411
2200,8.6025641025641
2201,7.690384615384614
2202,9.296794871794871
2203,9.40128205128205
2204,9.744871794871793
2205,9.360897435897435
2206,8.96474358974359
2207,8.23397435897436
2208,9.028205128205126
2209,9.187179487179487
2210,8.013461538461538
2211,8.893589743589745
2212,7.614743589743591
2213,8.770512820512819
2214,7.878846153846153
2215,7.5256410256410255
2216,6.916666666666667
2217,5.959615384615384
2218,8.323076923076924
2219,7.197435897435896
2220,6.19102564102564
2221,7.557051282051282
2222,6.614102564102564
2223,6.598076923076923
2224,7.189102564102564
2225,5.925641025641025
2226,6.328205128205128
2227,7.014743589743588
2228,6.49102564102564
2229,5.462179487179487
2230,5.201923076923076
2231,4.773717948717949
2232,5.78525641025641
2233,5.9230769230769225
2234,5.192948717948718
2235,6.05448717948718
2236,5.516025641025641
2237,5.445512820512819
2238,5.982692307692306
2239,5.583333333333333
2240,5.124358974358974
2241,6.018589743589743
2242,4.730769230769229
2243,5.9044871794871785
2244,5.505128205128205
2245,5.782692307692307
2246,5.457051282051282
2247,4.780769230769231
2248,4.5762820512820515
2249,4.575641025641025
2250,5.17179487179487
2251,4.985897435897435
2252,5.22051282051282
2253,4.883333333333333
2254,5.015384615384615
2255,5.255128205128205
2256,5.465384615384615
2257,5.749358974358974
2258,4.656410256410256
2259,4.864102564102564
2260,5.082051282051282
2261,5.33525641025641
2262,5.022435897435898
2263,5.032692307692308
2264,5.166666666666665
2265,4.9557692307692305
2266,5.565384615384615
2267,4.4512820512820515
2268,5.514743589743588
2269,5.278846153846154
2270,5.284615384615384
2271,4.73525641025641
2272,5.293589743589743
2273,5.575641025641025
2274,5.473076923076923
2275,6.497435897435897
2276,5.137820512820513
2277,5.271153846153846
2278,4.753846153846153
2279,4.853205128205127
2280,4.696794871794872
2281,5.6916666666666655
2282,6.109615384615384
2283,6.030128205128205
2284,5.841666666666666
2285,4.980769230769231
2286,5.739743589743589
2287,4.940384615384616
2288,6.216666666666667
2289,6.230128205128204
2290,5.721794871794871
2291,5.906410256410256
2292,6.253846153846153
2293,6.23653846153846
2294,6.2
2295,5.815384615384616
2296,6.049999999999999
2297,5.689743589743589
2298,6.119871794871795
2299,6.63653846153846
2300,6.527564102564102
2301,5.3455128205128215
2302,6.331410256410256
2303,6.4467948717948715
2304,7.166666666666667
2305,6.675641025641025
2306,5.878846153846153
2307,6.26025641025641
2308,7.678846153846153
2309,7.046153846153845
2310,6.8025641025641015
2311,6.288461538461537
2312,6.604487179487178
2313,5.68525641025641
2314,5.391025641025641
2315,6.228205128205128
2316,7.483974358974359
2317,5.605128205128205
2318,6.132692307692307
2319,5.6269230769230765
2320,6.619871794871794
2321,5.043589743589743
2322,5.656410256410256
2323,5.535256410256409
2324,6.496153846153845
2325,7.024358974358975
2326,5.803205128205128
2327,5.217948717948717
2328,5.513461538461538
2329,4.917948717948718
2330,5.762820512820511
2331,5.721794871794871
2332,5.1967948717948715
2333,4.935897435897436
2334,5.591666666666667
2335,5.349358974358973
2336,4.725641025641025
2337,6.015384615384614
2338,5.213461538461538
2339,5.718589743589743
2340,5.221794871794871
2341,4.46025641025641
2342,5.075641025641025
2343,5.259615384615384
2344,4.398076923076922
2345,4.294230769230769
2346,5.9967948717948705
2347,5.1
2348,5.405769230769231
2349,5.040384615384615
2350,4.983974358974358
2351,5.826923076923076
2352,5.122435897435897
2353,6.218589743589743
2354,4.892948717948718
2355,5.633333333333333
2356,5.110897435897436
2357,6.354487179487178
2358,5.568589743589744
2359,6.385897435897435
2360,4.772435897435898
2361,5.1506410256410255
2362,5.130128205128205
2363,4.639102564102564
2364,6.009615384615383
2365,6.312820512820512
2366,4.695512820512819
2367,4.934615384615384
2368,5.277564102564102
2369,6.478205128205127
2370,6.251923076923076
2371,5.849358974358975
2372,5.265384615384614
2373,6.410897435897437
2374,6.618589743589744
2375,6.000641025641025
2376,6.091666666666667
2377,5.785897435897437
2378,7.10448717948718
2379,5.866666666666666
2380,7.551923076923076
2381,6.275641025641025
2382,7.99102564102564
2383,6.375641025641024
2384,7.738461538461538
2385,7.540384615384615
2386,6.481410256410256
2387,5.857692307692307
2388,6.501923076923076
2389,7.716666666666667
2390,7.146153846153846
2391,7.708974358974358
2392,8.457692307692307
2393,8.181410256410258
2394,9.2
2395,9.779487179487178
2396,8.606410256410255
2397,7.360256410256409
2398,6.705128205128205
2399,6.164743589743589
2400,6.930128205128205
2401,6.980128205128203
2402,6.644871794871794
2403,6.52051282051282
2404,6.129487179487178
2405,7.227564102564102
2406,7.987820512820512
2407,4.5429487179487165
2408,7.412179487179485
2409,7.588461538461538
2410,7.078205128205127
2411,7.821794871794872
2412,7.767948717948718
2413,7.187820512820511
2414,6.542307692307692
2415,5.6544871794871785
2416,5.195512820512819
2417,6.860897435897436
2418,5.278846153846154
2419,5.189102564102564
2420,5.791666666666667
2421,4.528846153846153
2422,4.75576923076923
2423,5.266666666666666
2424,5.567948717948718
2425,6.2243589743589745
2426,5.258333333333333
2427,5.586538461538461
2428,5.992307692307692
2429,5.180128205128205
2430,5.5339743589743575
2431,5.269230769230769
2432,6.027564102564101
2433,5.929487179487179
2434,6.685897435897436
2435,5.16474358974359
2436,5.836538461538461
2437,5.88076923076923
2438,6.0339743589743575
2439,6.628205128205127
2440,7.1961538461538455
2441,7.639102564102563
2442,6.964102564102565
2443,6.694230769230767
2444,6.650641025641024
2445,7.192948717948718
2446,7.04551282051282
2447,8.099358974358974
2448,7.742307692307691
2449,8.292307692307691
2450,7.823717948717949
2451,8.890384615384615
2452,8.633974358974358
2453,7.9365384615384595
2454,8.953205128205127
2455,7.653846153846154
2456,8.050641025641024
2457,8.640384615384615
2458,8.435897435897434
2459,8.903846153846153
2460,7.185897435897436
2461,8.192948717948717
2462,9.012179487179486
2463,8.500641025641025
2464,8.134615384615383
2465,7.243589743589742
2466,5.996153846153845
2467,6.513461538461536
2468,6.868589743589744
2469,4.512820512820513
2470,4.767948717948718
2471,3.9352564102564096
2472,3.9814102564102565
2473,4.773076923076922
2474,3.4935897435897436
2475,4.2891025641025635
2476,4.121794871794871
2477,4.239102564102564
2478,4.292307692307692
2479,3.5839743589743582
2480,3.5128205128205128
2481,3.8993589743589743
2482,3.96025641025641
2483,3.908974358974359
2484,3.557692307692307
2485,4.183333333333333
2486,3.828205128205128
2487,4.2006410256410245
2488,4.454487179487178
2489,4.1499999999999995
2490,4.962179487179487
2491,4.149358974358974
2492,3.766025641025641
2493,3.4429487179487173
2494,3.967307692307692
2495,4.160897435897435
2496,3.7551282051282047
2497,3.6256410256410256
2498,4.098076923076923
2499,4.623076923076922
2500,4.147435897435898
2501,3.7070512820512818
2502,3.79551282051282
2503,3.819871794871794
2504,3.581410256410256
2505,4.058333333333333
2506,3.89102564102564
2507,4.609615384615384
2508,4.246153846153845
2509,4.4698717948717945
2510,3.717948717948718
2511,4.153846153846154
2512,4.301282051282051
2513,4.563461538461539
2514,3.629487179487179
2515,3.6923076923076916
2516,4.62051282051282
2517,4.2705128205128196
2518,3.7358974358974355
2519,3.844230769230768
2520,4.144230769230769
2521,3.5288461538461537
2522,4.4974358974358974
2523,4.57051282051282
2524,3.579487179487179
2525,3.7967948717948716
2526,4.205128205128205
2527,3.9756410256410253
2528,3.7788461538461537
2529,5.074358974358974
2530,4.538461538461538
2531,5.2012820512820515
2532,3.8
2533,4.9416666666666655
2534,3.508974358974359
2535,4.362820512820512
2536,4.203846153846153
2537,4.146153846153846
2538,3.849999999999999
2539,3.165384615384615
2540,3.6230769230769226
2541,3.95
2542,3.572435897435897
2543,3.867307692307692
2544,4.291666666666667
2545,4.1499999999999995
2546,3.9865384615384616
2547,4.372435897435897
2548,4.205128205128205
2549,4.269871794871794
2550,4.002564102564102
2551,3.969230769230769
2552,4.037820512820512
2553,4.25
2554,4.810897435897436
2555,5.702564102564102
2556,4.574358974358974
2557,4.464743589743589
2558,4.61602564102564
2559,5.00576923076923
2560,4.514743589743589
2561,5.683974358974358
2562,5.440384615384615
2563,5.311538461538461
2564,6.466666666666666
2565,6.439102564102563
2566,5.621153846153846
2567,6.287820512820512
2568,5.413461538461537
2569,6.455128205128205
2570,6.58525641025641
2571,6.102564102564102
2572,7.039743589743589
2573,5.405769230769231
2574,5.833974358974358
2575,5.308333333333333
2576,5.616025641025639
2577,5.687179487179486
2578,5.984615384615383
2579,6.4698717948717945
2580,6.352564102564102
2581,5.357692307692307
2582,5.8724358974358974
2583,6.997435897435897
2584,7.139102564102563
2585,6.514743589743588
2586,7.355769230769231
2587,7.1910256410256395
2588,7.810897435897436
2589,7.646153846153846
2590,7.833333333333333
2591,7.712820512820512
2592,7.72948717948718
2593,8.939102564102564
2594,7.907692307692307
2595,8.37628205128205
2596,8.24102564102564
2597,8.49294871794872
2598,8.591666666666667
2599,9.669230769230769
2600,9.44679487179487
2601,8.471153846153847
2602,9.671153846153848
2603,8.691666666666666
2604,9.577564102564102
2605,8.549999999999999
2606,9.543589743589742
2607,9.681410256410256
2608,10.131410256410257
2609,9.889102564102563
2610,10.683333333333334
2611,10.44679487179487
2612,9.253846153846151
2613,9.60705128205128
2614,8.644871794871793
2615,8.519230769230768
2616,8.026923076923078
2617,8.769871794871793
2618,8.876923076923076
2619,7.925641025641025
2620,7.962820512820512
2621,8.816666666666665
2622,7.379487179487178
2623,7.498076923076922
2624,7.989102564102564
2625,5.818589743589744
2626,6.2987179487179485
2627,5.603846153846153
2628,5.81602564102564
2629,6.387179487179488
2630,5.545512820512818
2631,6.4692307692307685
2632,5.7519230769230765
2633,6.3865384615384615
2634,6.21346153846154
2635,6.260256410256409
2636,5.639102564102563
2637,6.884615384615383
2638,6.867948717948716
2639,6.440384615384614
2640,7.2891025641025635
2641,7.1141025641025655
2642,7.132051282051282
2643,6.868589743589744
2644,6.844871794871793
2645,8.328205128205127
2646,7.97948717948718
2647,8.623717948717948
2648,7.340384615384615
2649,7.918589743589742
2650,8.139102564102565
2651,8.114102564102563
2652,7.628205128205129
2653,7.753205128205129
2654,9.503846153846153
2655,8.349358974358973
2656,8.819230769230767
2657,8.95897435897436
2658,9.725
2659,8.512179487179484
2660,8.946153846153846
2661,8.651923076923076
2662,8.588461538461539
2663,8.549358974358974
2664,9.049358974358974
2665,8.094871794871793
2666,9.272435897435894
2667,8.556410256410254
2668,9.219230769230768
2669,8.57628205128205
2670,8.54102564102564
2671,9.108333333333333
2672,7.907692307692307
2673,8.25128205128205
2674,8.789102564102564
2675,7.051923076923076
2676,7.430769230769229
2677,7.480769230769231
2678,8.392948717948716
2679,6.44551282051282
2680,6.35
2681,5.859615384615384
2682,6.317948717948718
2683,5.801282051282051
2684,6.63076923076923
2685,4.616666666666667
2686,6.096794871794871
2687,4.985897435897436
2688,4.060897435897435
2689,4.2519230769230765
2690,4.824358974358974
2691,4.891025641025641
2692,5.156410256410256
2693,4.823076923076923
2694,4.125641025641025
2695,4.424358974358975
2696,4.458333333333333
2697,4.890384615384614
2698,4.3487179487179475
2699,4.632692307692307
2700,4.382051282051282
2701,5.019871794871796
2702,4.935897435897435
2703,5.258974358974358
2704,6.159615384615385
2705,5.3999999999999995
2706,5.704487179487178
2707,5.461538461538462
2708,5.887179487179487
2709,6.314102564102563
2710,4.523076923076923
2711,6.451923076923076
2712,4.719871794871794
2713,5.445512820512819
2714,5.462179487179487
2715,4.95576923076923
2716,4.85128205128205
2717,5.65128205128205
2718,5.4512820512820515
2719,4.66153846153846
2720,5.9423076923076925
2721,5.992307692307692
2722,5.792307692307692
2723,6.026282051282051
2724,5.762179487179487
2725,6.331410256410257
2726,6.087179487179486
2727,5.657692307692307
2728,6.59102564102564
2729,6.425641025641026
2730,5.78076923076923
2731,5.5487179487179485
2732,6.252564102564102
2733,5.707051282051282
2734,6.591666666666667
2735,6.817307692307691
2736,6.57051282051282
2737,5.921153846153847
2738,6.11474358974359
2739,6.271794871794871
2740,6.698076923076922
2741,7.333974358974358
2742,7.401923076923076
2743,6.6679487179487165
2744,6.922435897435896
2745,6.717948717948718
2746,7.08653846153846
2747,7.383333333333332
2748,7.329487179487178
2749,7.238461538461538
2750,6.944230769230769
2751,6.848717948717949
2752,7.209615384615383
2753,7.724358974358973
2754,7.6737179487179485
2755,7.309615384615384
2756,7.972435897435896
2757,8.282692307692306
2758,8.201282051282051
2759,7.381410256410256
2760,9.504487179487178
2761,8.551923076923076
2762,8.051923076923076
2763,8.39679487179487
2764,8.598717948717947
2765,9.167948717948716
2766,9.45448717948718
2767,9.335897435897436
2768,9.887179487179484
2769,9.598717948717947
2770,9.855128205128205
2771,10.24551282051282
2772,9.562179487179487
2773,9.231410256410255
2774,8.148717948717948
2775,8.396153846153844
2776,8.213461538461539
2777,7.955128205128205
2778,8.34807692307692
2779,7.666025641025642
2780,8.314102564102564
2781,8.853846153846154
2782,7.737179487179487
2783,8.267307692307691
2784,8.069871794871796
2785,8.51923076923077
2786,8.103846153846153
2787,8.410897435897438
2788,8.891025641025639
2789,8.155769230769229
2790,8.173076923076923
2791,8.328205128205127
2792,8.606410256410255
2793,9.266666666666666
2794,9.125
2795,9.444230769230767
2796,8.142307692307691
2797,8.053205128205128
2798,8.092948717948717
2799,8.034615384615385
2800,7.837820512820512
2801,8.457692307692309
2802,8.05576923076923
2803,8.512179487179486
2804,7.985256410256409
2805,8.448717948717949
2806,8.9525641025641
2807,10.030128205128204
2808,8.908333333333331
2809,9.504487179487178
2810,8.708333333333334
2811,8.885897435897435
2812,7.678205128205127
2813,8.187179487179487
2814,7.517948717948718
2815,9.091666666666667
2816,8.233974358974358
2817,8.408974358974357
2818,8.781410256410254
2819,6.948717948717949
2820,6.744230769230769
2821,7.377564102564102
2822,7.447435897435896
2823,7.061538461538461
2824,7.943589743589742
2825,6.462179487179488
2826,6.392948717948718
2827,5.671153846153845
2828,5.8583333333333325
2829,6.935897435897436
2830,6.101923076923076
2831,6.910897435897435
2832,6.396153846153845
2833,6.601923076923076
2834,5.8256410256410245
2835,6.9141025641025635
2836,6.059615384615384
2837,6.7012820512820515
2838,6.547435897435896
2839,8.078205128205129
2840,7.583974358974358
2841,8.671153846153846
2842,6.95448717948718
2843,8.422435897435896
2844,8.438461538461537
2845,8.424358974358974
2846,8.83974358974359
2847,9.153205128205128
2848,9.121153846153845
2849,9.567948717948719
2850,8.77628205128205
2851,8.89423076923077
2852,9.052564102564101
2853,9.296794871794871
2854,8.552564102564101
2855,9.962820512820512
2856,9.655128205128204
2857,8.869871794871795
2858,9.937179487179487
2859,10.692307692307692
2860,11.116666666666665
2861,9.406410256410254
2862,8.978846153846153
2863,10.383333333333331
2864,10.10128205128205
2865,9.33076923076923
2866,8.20576923076923
2867,9.803846153846154
2868,7.989102564102562
2869,7.041025641025642
2870,6.735256410256411
2871,8.073717948717947
2872,6.13076923076923
2873,6.382692307692308
2874,6.173076923076922
2875,5.012179487179487
2876,4.697435897435897
2877,6.053846153846154
2878,5.100641025641025
2879,5.192307692307692
2880,5.87948717948718
2881,6.355769230769232
2882,6.5429487179487165
2883,5.814102564102564
2884,5.79551282051282
2885,6.347435897435898
2886,6.801282051282051
2887,6.227564102564101
2888,6.841666666666667
2889,6.505769230769231
2890,5.917948717948717
2891,7.137820512820513
2892,7.153846153846154
2893,7.938461538461539
2894,6.368589743589744
2895,7.231410256410257
2896,7.669871794871795
2897,7.707692307692308
2898,7.976282051282051
2899,7.772435897435898
2900,8.66923076923077
2901,8.715384615384615
2902,8.169871794871794
2903,9.055769230769231
2904,7.133333333333333
2905,8.751923076923076
2906,7.843589743589743
2907,6.398717948717947
2908,6.839102564102565
2909,7.142948717948716
2910,8.533974358974358
2911,6.58205128205128
2912,6.832692307692308
2913,7.053205128205128
2914,8.216666666666665
2915,7.426923076923076
2916,6.717948717948718
2917,7.493589743589744
2918,6.521794871794871
2919,6.113461538461538