,0
0,8.967708333333333
1,8.8421875
2,8.860416666666666
3,8.748958333333333
4,8.382291666666665
5,8.053125
6,6.402083333333333
7,6.755208333333332
8,8.106770833333332
9,8.1859375
10,6.3359375
11,7.5432291666666655
12,8.597916666666665
13,7.714583333333333
14,6.4729166666666655
15,6.927083333333333
16,6.854166666666667
17,7.55
18,5.3999999999999995
19,6.190625
20,6.269791666666666
21,5.091145833333332
22,5.711979166666666
23,6.579166666666666
24,5.977083333333333
25,6.1312500000000005
26,6.752604166666667
27,6.546354166666666
28,7.252604166666667
29,7.013020833333332
30,5.412499999999999
31,5.948958333333333
32,5.720312499999999
33,4.537499999999999
34,6.833333333333333
35,4.649479166666667
36,5.263020833333333
37,6.702604166666666
38,4.936979166666666
39,5.3265625000000005
40,4.846354166666666
41,5.83125
42,4.890625
43,4.821354166666667
44,4.154166666666666
45,5.207812499999999
46,3.9416666666666664
47,4.734895833333333
48,4.076562499999999
49,4.020833333333333
50,4.200520833333333
51,4.098958333333333
52,4.113020833333333
53,3.6270833333333328
54,3.5828124999999997
55,4.755208333333333
56,4.624479166666667
57,4.483333333333333
58,5.035937499999999
59,4.002604166666667
60,3.9583333333333335
61,4.757291666666666
62,3.841666666666667
63,4.946354166666667
64,5.674479166666667
65,4.551562499999999
66,4.793229166666666
67,5.864062499999999
68,4.684374999999999
69,4.849479166666666
70,5.404687499999999
71,5.281249999999999
72,5.3796875
73,6.0588541666666655
74,4.741145833333333
75,5.730208333333333
76,6.541666666666667
77,6.111979166666667
78,5.717708333333333
79,5.851041666666666
80,6.150520833333334
81,6.498958333333332
82,7.196354166666666
83,5.852083333333333
84,7.188541666666666
85,6.653645833333333
86,6.2776041666666655
87,7.341666666666666
88,6.4484375
89,7.2921875
90,7.588020833333332
91,6.478124999999999
92,6.611979166666667
93,6.6671875
94,6.7546875
95,7.222395833333333
96,6.965624999999999
97,7.753125
98,8.309375
99,8.392708333333333
100,7.282812499999999
101,7.288541666666666
102,8.6171875
103,7.444270833333333
104,8.386979166666666
105,8.28125
106,8.753124999999999
107,9.384895833333333
108,9.176041666666665
109,9.339583333333334
110,9.079166666666667
111,9.046354166666665
112,9.471875
113,9.213541666666666
114,9.285937500000001
115,8.885937499999999
116,9.780208333333333
117,10.500520833333333
118,10.5125
119,11.204166666666666
120,10.865104166666663
121,10.654166666666667
122,11.352604166666666
123,10.493229166666666
124,9.995312499999999
125,7.3515625
126,8.656770833333333
127,7.018229166666665
128,7.837499999999999
129,7.698958333333333
130,6.978125000000001
131,7.51875
132,7.208333333333333
133,6.407291666666666
134,6.382812499999999
135,6.579166666666666
136,6.7296875
137,6.6343749999999995
138,6.273437499999999
139,6.496354166666666
140,6.434895833333333
141,6.145312499999998
142,5.997916666666666
143,6.020833333333333
144,5.395312499999999
145,7.061979166666666
146,5.740624999999999
147,7.002083333333332
148,6.047395833333333
149,6.427604166666666
150,5.499479166666666
151,7.2307291666666655
152,6.341666666666666
153,6.852083333333333
154,6.325520833333333
155,6.4182291666666655
156,5.868229166666666
157,5.826041666666666
158,5.461458333333333
159,5.2296875
160,6.697395833333332
161,5.873437499999999
162,6.033854166666667
163,4.611458333333332
164,6.109895833333333
165,6.559374999999998
166,7.199999999999999
167,5.576562499999999
168,6.086458333333333
169,5.719270833333333
170,4.913541666666666
171,5.1109374999999995
172,5.865104166666666
173,5.1765625
174,5.493229166666667
175,5.654687499999999
176,5.018229166666666
177,5.344270833333333
178,4.551041666666666
179,4.661458333333332
180,5.300520833333333
181,4.102604166666667
182,4.838541666666666
183,4.643229166666666
184,4.475
185,4.556770833333332
186,5.068749999999999
187,4.583333333333333
188,4.3234375
189,4.554166666666666
190,4.582291666666666
191,4.845833333333333
192,4.745833333333333
193,4.161458333333333
194,4.389583333333333
195,5.4260416666666655
196,4.810416666666666
197,4.091145833333333
198,4.0140625
199,5.1031249999999995
200,4.419791666666666
201,5.277604166666666
202,4.856770833333332
203,4.9963541666666655
204,4.984375
205,4.255729166666666
206,5.442708333333332
207,4.856249999999999
208,5.1630208333333325
209,5.330208333333332
210,5.0588541666666655
211,5.263020833333333
212,4.905208333333332
213,4.7749999999999995
214,5.8791666666666655
215,5.0296875
216,4.5515625
217,4.548958333333332
218,4.5609375
219,4.945833333333333
220,4.869791666666666
221,5.423958333333332
222,4.994270833333332
223,4.4234374999999995
224,4.467708333333333
225,5.0828125
226,4.959895833333333
227,5.067187499999999
228,5.684374999999999
229,5.451041666666666
230,6.107812499999999
231,5.213020833333333
232,6.1015625
233,6.090624999999998
234,5.003125
235,5.923958333333332
236,6.235416666666666
237,5.9312499999999995
238,5.838541666666667
239,5.3510416666666645
240,6.042708333333333
241,5.865104166666666
242,5.420833333333333
243,5.844791666666666
244,5.233854166666666
245,5.701041666666666
246,6.754687499999999
247,5.895833333333332
248,5.779166666666666
249,5.896354166666666
250,5.817708333333332
251,6.083333333333333
252,5.744791666666667
253,5.907812499999999
254,5.038541666666666
255,6.007291666666666
256,5.491145833333333
257,5.210416666666666
258,6.752604166666667
259,5.213541666666666
260,5.55
261,5.958854166666666
262,5.963020833333331
263,6.001041666666666
264,6.030208333333333
265,6.573958333333333
266,6.991145833333332
267,6.176041666666666
268,6.447395833333332
269,6.3125
270,6.180208333333333
271,6.211979166666666
272,6.0562499999999995
273,5.658854166666667
274,6.086458333333333
275,4.9156249999999995
276,5.576041666666666
277,3.998958333333333
278,6.125520833333333
279,4.553124999999999
280,5.616145833333333
281,4.715104166666666
282,4.639583333333333
283,5.394270833333333
284,4.5296875000000005
285,4.8296874999999995
286,4.255729166666666
287,5.566145833333333
288,5.4265625
289,5.143229166666665
290,3.9369791666666667
291,5.488541666666666
292,5.714583333333333
293,3.750520833333333
294,5.189583333333333
295,5.960416666666666
296,4.609895833333333
297,4.475
298,6.321874999999999
299,4.5859375
300,4.4109375
301,3.7072916666666664
302,3.1302083333333335
303,3.3885416666666663
304,3.7046875
305,3.4979166666666663
306,3.0156249999999996
307,3.500520833333333
308,2.6369791666666664
309,3.6911458333333336
310,3.041145833333333
311,3.648958333333333
312,3.0140624999999996
313,3.6124999999999994
314,3.476041666666666
315,3.9552083333333328
316,4.1359375
317,3.4786458333333328
318,4.145833333333333
319,3.730208333333333
320,3.4953124999999994
321,4.102083333333333
322,4.123958333333333
323,4.015104166666666
324,3.484895833333333
325,3.710416666666666
326,3.613020833333333
327,3.4593749999999996
328,3.993229166666666
329,4.255729166666667
330,4.714583333333333
331,3.6765624999999997
332,4.6031249999999995
333,4.571354166666666
334,4.863541666666666
335,5.1796875
336,4.727083333333333
337,4.632812499999999
338,4.994791666666667
339,4.393229166666666
340,5.311979166666666
341,5.746874999999999
342,5.9624999999999995
343,6.0578125
344,5.607812499999999
345,5.506770833333334
346,5.389062499999999
347,5.753125
348,5.055208333333333
349,6.3010416666666655
350,6.489583333333333
351,5.7140625
352,5.4140625
353,6.268229166666667
354,7.053124999999999
355,7.279687499999999
356,6.6760416666666655
357,7.2281249999999995
358,6.878645833333333
359,7.169270833333333
360,7.024479166666666
361,7.953125
362,6.973958333333333
363,6.485416666666666
364,7.811458333333332
365,6.895833333333333
366,8.370833333333332
367,7.638541666666666
368,7.9416666666666655
369,8.610416666666667
370,8.354687499999999
371,8.297916666666666
372,8.356249999999998
373,9.163541666666667
374,9.7015625
375,8.995312499999999
376,9.573437499999999
377,9.838020833333331
378,9.452604166666667
379,8.130729166666667
380,7.466666666666666
381,6.357291666666666
382,7.2921875
383,7.215624999999999
384,7.641666666666667
385,6.782291666666666
386,7.279687499999999
387,6.055208333333333
388,6.877083333333332
389,6.3671875
390,6.969270833333333
391,8.174479166666666
392,5.971354166666665
393,6.744791666666665
394,7.5234375
395,6.528645833333332
396,7.068749999999999
397,6.438541666666666
398,6.409895833333333
399,5.949999999999999
400,7.3296874999999995
401,7.394270833333333
402,8.202604166666665
403,6.258854166666666
404,6.274479166666667
405,6.393229166666667
406,6.428645833333332
407,6.690104166666667
408,7.1953125
409,6.416666666666667
410,6.4624999999999995
411,6.333854166666666
412,5.9729166666666655
413,7.236458333333331
414,7.174479166666667
415,7.322395833333332
416,5.506770833333333
417,7.138020833333333
418,5.90625
419,7.191145833333333
420,8.177083333333334
421,6.253125
422,5.946354166666666
423,6.279166666666666
424,6.524999999999999
425,5.376562499999999
426,5.19375
427,6.773958333333333
428,5.675
429,6.489062499999999
430,5.383333333333333
431,5.0067708333333325
432,5.267708333333332
433,5.029166666666667
434,5.282291666666666
435,5.640625
436,5.878645833333333
437,5.348437499999999
438,5.724999999999999
439,6.247916666666666
440,6.39375
441,5.582812499999999
442,5.885416666666665
443,6.193229166666666
444,5.308333333333333
445,5.136979166666666
446,5.0921875
447,5.086979166666667
448,4.58125
449,4.766145833333334
450,5.674479166666665
451,5.152604166666666
452,5.425520833333333
453,5.0859375
454,4.784375
455,4.610416666666666
456,6.446354166666666
457,5.765104166666667
458,4.899479166666666
459,5.347916666666666
460,4.800520833333334
461,5.156770833333333
462,4.990104166666666
463,5.911979166666666
464,4.651041666666667
465,5.032291666666666
466,6.625520833333333
467,5.585416666666666
468,5.633333333333333
469,4.741145833333333
470,4.6499999999999995
471,4.593749999999999
472,5.485416666666666
473,5.301562499999999
474,4.858854166666666
475,5.31875
476,4.586979166666666
477,4.346354166666667
478,4.761979166666666
479,4.685416666666666
480,5.391666666666666
481,4.764583333333333
482,4.8875
483,4.6921875
484,4.929687499999999
485,4.108333333333333
486,4.753645833333333
487,4.606249999999999
488,5.209374999999999
489,4.920833333333333
490,4.641145833333333
491,4.334895833333333
492,4.618229166666667
493,4.664062499999999
494,4.630729166666666
495,4.255208333333333
496,4.8921874999999995
497,4.779687499999999
498,4.811979166666666
499,4.443229166666666
500,4.706770833333333
501,3.9218749999999996
502,4.926562499999999
503,3.711979166666666
504,4.2296875
505,4.608333333333333
506,5.176041666666666
507,4.451041666666666
508,4.5421875
509,4.4921875
510,4.218229166666666
511,4.643229166666667
512,4.442708333333333
513,4.145312499999999
514,5.033333333333332
515,4.384895833333332
516,4.711458333333333
517,3.9567708333333336
518,4.876041666666667
519,4.739583333333333
520,4.343229166666666
521,4.439583333333332
522,4.535416666666666
523,4.106770833333333
524,4.073958333333333
525,4.708333333333333
526,4.622395833333333
527,4.458333333333333
528,4.614583333333333
529,4.161458333333333
530,4.2109375
531,4.927083333333333
532,4.813020833333333
533,4.583333333333333
534,5.2307291666666655
535,4.950520833333333
536,5.399479166666666
537,5.171874999999999
538,5.308333333333333
539,4.733333333333333
540,4.8583333333333325
541,5.9156249999999995
542,5.413020833333333
543,5.119791666666666
544,5.480729166666666
545,5.141666666666667
546,5.174479166666667
547,5.1421874999999995
548,6.363020833333333
549,5.678645833333333
550,6.788020833333332
551,7.3401041666666655
552,6.555208333333333
553,6.322916666666667
554,6.286979166666666
555,4.960416666666666
556,4.874479166666666
557,4.729687499999999
558,6.027083333333333
559,5.1828125
560,6.082812499999999
561,5.6515625
562,5.251041666666667
563,6.207291666666666
564,6.246874999999999
565,6.314583333333332
566,7.040104166666667
567,6.0703125
568,5.856249999999999
569,6.3828125
570,5.827604166666667
571,5.423958333333332
572,5.443749999999999
573,6.028124999999999
574,5.427604166666666
575,4.322395833333332
576,5.122916666666666
577,4.1984375
578,4.808333333333333
579,4.666145833333332
580,4.8859375
581,5.683854166666666
582,5.129166666666666
583,4.9125
584,4.972395833333333
585,5.086458333333333
586,5.054166666666666
587,4.852604166666666
588,5.015104166666666
589,5.5822916666666655
590,6.443749999999999
591,5.903645833333333
592,5.1000000000000005
593,5.806249999999999
594,5.153125
595,5.375520833333333
596,7.197395833333332
597,5.710416666666667
598,6.732812499999999
599,6.986458333333334
600,6.918229166666666
601,6.0765625000000005
602,6.594791666666667
603,6.521874999999999
604,6.985416666666666
605,5.448958333333333
606,6.960416666666666
607,7.4640625
608,8.635416666666666
609,8.009895833333333
610,6.711458333333333
611,7.013020833333332
612,6.821354166666666
613,6.568229166666666
614,7.925
615,7.769270833333334
616,6.7697916666666655
617,7.431770833333332
618,7.401041666666667
619,7.211458333333333
620,7.765104166666666
621,8.423958333333333
622,8.298958333333333
623,8.188020833333333
624,7.682291666666667
625,7.3359375
626,7.909375
627,7.5859375
628,7.669270833333333
629,6.669791666666666
630,8.065624999999999
631,6.872395833333333
632,7.516145833333333
633,6.633333333333333
634,6.283854166666665
635,6.873958333333333
636,5.536979166666666
637,6.027083333333333
638,5.7109375
639,5.579687499999999
640,4.909375
641,5.751041666666666
642,5.386979166666666
643,5.868229166666666
644,5.65625
645,5.5822916666666655
646,5.417708333333333
647,6.628124999999998
648,5.7625
649,5.972395833333333
650,6.0546875
651,5.324479166666666
652,5.515625
653,5.6890624999999995
654,6.0390625
655,5.756770833333333
656,5.7265625
657,4.793749999999999
658,5.516666666666666
659,5.323437499999999
660,4.852083333333333
661,5.317708333333332
662,4.6046875
663,4.963020833333332
664,5.917708333333333
665,5.6578124999999995
666,5.344270833333333
667,4.9750000000000005
668,6.0406249999999995
669,5.881249999999999
670,4.849479166666666
671,5.168229166666666
672,5.2515624999999995
673,5.420833333333332
674,5.365624999999999
675,6.771874999999999
676,3.6770833333333335
677,5.5510416666666655
678,4.9421875
679,3.9479166666666665
680,5.135416666666667
681,4.680208333333333
682,4.990625
683,5.6682291666666655
684,4.6203125
685,7.022395833333333
686,4.333854166666666
687,5.2932291666666655
688,5.2072916666666655
689,5.486458333333334
690,4.565625
691,4.911458333333333
692,5.248958333333333
693,4.9953125
694,4.409895833333333
695,4.820833333333333
696,3.6791666666666667
697,4.077604166666666
698,4.421875
699,4.383333333333333
700,4.0859375
701,4.727083333333333
702,4.780729166666666
703,3.777083333333333
704,4.1703125
705,4.283333333333332
706,3.7640625
707,3.6067708333333335
708,4.736458333333332
709,4.613020833333334
710,4.395833333333333
711,4.925
712,4.953645833333333
713,4.952604166666666
714,4.994791666666666
715,4.626041666666666
716,5.596875
717,5.083854166666666
718,5.952083333333333
719,5.6828125
720,5.538020833333332
721,4.784375
722,5.739583333333333
723,5.502083333333334
724,6.444791666666667
725,4.417708333333333
726,5.546875
727,5.907291666666666
728,5.813541666666666
729,6.3557291666666655
730,6.295833333333332
731,5.441666666666666
732,5.6031249999999995
733,7.1369791666666655
734,5.427083333333332
735,5.533854166666667
736,4.613541666666666
737,5.095833333333334
738,5.091666666666666
739,5.708854166666666
740,4.790104166666666
741,5.338020833333332
742,5.625520833333333
743,5.795833333333332
744,6.704166666666666
745,6.491145833333332
746,5.887499999999999
747,6.1671875
748,5.326562499999999
749,5.8244791666666655
750,6.555208333333332
751,4.8531249999999995
752,5.238020833333333
753,5.062499999999999
754,5.319791666666666
755,5.741145833333332
756,5.471354166666667
757,5.327604166666666
758,5.506249999999999
759,5.381770833333333
760,5.239583333333333
761,5.425520833333333
762,5.584374999999999
763,5.922916666666666
764,5.888541666666666
765,5.9234374999999995
766,6.193229166666666
767,5.656770833333333
768,5.505208333333332
769,5.5625
770,5.208854166666666
771,4.788541666666666
772,4.2124999999999995
773,4.801562499999999
774,5.53125
775,5.020833333333333
776,5.654687499999999
777,5.6057291666666655
778,5.384895833333334
779,6.563020833333333
780,5.582812499999999
781,5.5
782,6.1359375
783,5.721354166666667
784,5.808854166666667
785,5.774479166666666
786,4.9260416666666655
787,5.525520833333332
788,5.749479166666666
789,5.116666666666666
790,5.557291666666667
791,5.822395833333332
792,5.845833333333332
793,6.099999999999999
794,6.280208333333333
795,6.110937499999999
796,5.71875
797,5.447916666666667
798,6.472395833333333
799,6.327604166666666
800,6.972916666666666
801,6.353124999999999
802,6.8843749999999995
803,7.197916666666667
804,5.954687499999999
805,7.081770833333334
806,6.953125
807,7.785937499999998
808,6.726041666666667
809,6.960937499999999
810,6.255208333333333
811,7.274999999999999
812,7.162499999999999
813,7.875
814,8.1078125
815,8.795833333333333
816,7.947395833333332
817,8.622395833333334
818,8.788541666666665
819,8.165625
820,9.201041666666667
821,9.133854166666666
822,8.663020833333333
823,9.052604166666667
824,8.572395833333333
825,9.402083333333332
826,9.3890625
827,9.950520833333332
828,9.182291666666666
829,10.560416666666667
830,9.649479166666666
831,10.624479166666667
832,8.6015625
833,9.394270833333332
834,6.9213541666666645
835,7.6171875
836,7.889062499999999
837,7.478124999999999
838,7.399479166666666
839,6.550520833333334
840,7.838541666666665
841,7.493749999999999
842,7.641145833333333
843,7.814583333333332
844,7.852083333333333
845,8.071354166666666
846,6.006249999999999
847,5.540104166666666
848,5.444270833333332
849,6.102604166666666
850,5.942708333333333
851,7.269270833333333
852,5.7421875
853,6.0666666666666655
854,5.773958333333333
855,5.539583333333333
856,7.636458333333333
857,7.020312499999999
858,5.229166666666667
859,6.005208333333333
860,6.370833333333333
861,6.240624999999999
862,5.861979166666667
863,6.4328125
864,5.667708333333333
865,5.973958333333333
866,7.009895833333334
867,6.200520833333332
868,6.609375
869,6.858333333333334
870,6.504166666666666
871,6.787499999999999
872,6.455208333333332
873,5.8390625
874,6.709895833333332
875,7.475520833333333
876,7.080208333333332
877,6.647916666666667
878,8.168229166666665
879,7.699479166666666
880,6.264583333333333
881,6.553645833333332
882,7.070833333333333
883,6.961458333333333
884,7.411979166666666
885,7.706770833333333
886,6.905729166666666
887,6.938541666666666
888,7.040624999999999
889,8.027604166666665
890,7.005208333333333
891,7.417708333333333
892,7.312499999999999
893,8.499479166666667
894,8.233333333333333
895,7.360416666666667
896,8.331249999999999
897,8.554166666666665
898,6.2921875
899,6.456770833333333
900,7.243749999999999
901,7.313541666666666
902,7.123437499999999
903,7.059374999999999
904,7.201041666666666
905,6.429166666666666
906,6.521354166666666
907,6.656770833333333
908,6.328125
909,7.632291666666666
910,6.3296874999999995
911,6.332291666666666
912,6.269270833333333
913,5.905208333333333
914,6.14375
915,6.413541666666666
916,5.827083333333332
917,5.710937499999999
918,5.491145833333333
919,6.349479166666666
920,6.755208333333332
921,6.077083333333332
922,6.967187499999999
923,5.779166666666666
924,6.318229166666665
925,5.770833333333333
926,6.959374999999999
927,6.219791666666666
928,6.031770833333333
929,6.399479166666666
930,6.406770833333333
931,5.936979166666667
932,5.066145833333333
933,4.919791666666667
934,5.770833333333332
935,4.678124999999999
936,5.607812499999999
937,6.354166666666665
938,5.238020833333333
939,6.671875
940,5.566666666666666
941,6.233854166666666
942,4.602083333333333
943,7.331249999999998
944,5.591145833333333
945,5.569791666666667
946,5.5890625
947,5.098958333333333
948,5.196354166666667
949,4.346354166666667
950,5.933333333333333
951,5.568749999999999
952,4.941145833333333
953,4.623958333333333
954,3.2999999999999994
955,3.3421874999999996
956,3.284895833333333
957,2.2583333333333333
958,3.323958333333333
959,2.7776041666666664
960,2.415625
961,2.922395833333333
962,2.659895833333333
963,2.319270833333333
964,3.066145833333333
965,3.2781249999999993
966,3.2401041666666663
967,2.7598958333333328
968,4.378125
969,3.1489583333333333
970,2.748958333333333
971,3.6817708333333328
972,4.023437499999999
973,3.8666666666666667
974,3.7895833333333333
975,3.205208333333333
976,4.347395833333333
977,4.061979166666666
978,3.861979166666666
979,3.165625
980,4.606770833333332
981,3.678645833333333
982,3.678645833333333
983,3.900520833333333
984,4.269270833333333
985,3.889583333333333
986,3.7343749999999996
987,3.8145833333333328
988,3.9416666666666664
989,3.805208333333333
990,3.9197916666666663
991,3.3151041666666665
992,4.026041666666667
993,3.5276041666666664
994,3.9343749999999997
995,4.5062500000000005
996,4.059375
997,4.521875
998,3.991145833333334
999,3.8239583333333336
1000,3.670833333333333
1001,3.969270833333333
1002,4.284895833333333
1003,3.623958333333333
1004,3.7484374999999996
1005,4.6968749999999995
1006,4.319270833333333
1007,4.5140625000000005
1008,4.215624999999999
1009,4.651041666666667
1010,4.888020833333333
1011,4.078645833333332
1012,4.590104166666666
1013,4.113541666666666
1014,5.176041666666666
1015,4.542708333333333
1016,4.990625
1017,4.920312499999999
1018,5.544791666666666
1019,5.207812499999999
1020,4.2015625
1021,5.116145833333333
1022,5.128125
1023,5.182291666666666
1024,4.31875
1025,5.305208333333333
1026,4.9156249999999995
1027,5.1265625
1028,4.377604166666667
1029,5.2359374999999995
1030,4.763020833333333
1031,5.444791666666667
1032,5.0562499999999995
1033,5.231249999999999
1034,4.855208333333333
1035,5.145833333333333
1036,5.640624999999999
1037,5.0953125
1038,5.284895833333333
1039,5.599479166666666
1040,5.561979166666666
1041,4.916145833333332
1042,4.076041666666666
1043,5.056770833333332
1044,5.5125
1045,6.0276041666666655
1046,4.969791666666666
1047,5.573958333333333
1048,4.697916666666667
1049,5.852083333333333
1050,5.561979166666666
1051,5.8401041666666655
1052,6.027604166666666
1053,4.751041666666667
1054,5.117708333333333
1055,4.441145833333334
1056,5.381249999999999
1057,4.647395833333333
1058,5.096875
1059,5.161458333333333
1060,5.332812499999999
1061,4.578125
1062,5.481770833333333
1063,5.372395833333333
1064,6.2078125
1065,5.129166666666666
1066,5.458333333333333
1067,5.4421875
1068,5.875520833333333
1069,5.802083333333333
1070,5.632291666666667
1071,6.003125
1072,5.424479166666667
1073,6.235937499999999
1074,6.2338541666666645
1075,6.344791666666666
1076,5.966666666666666
1077,5.563541666666666
1078,6.173958333333334
1079,6.572395833333332
1080,5.9338541666666655
1081,5.261458333333333
1082,5.218749999999999
1083,4.812499999999999
1084,5.831770833333333
1085,5.965625
1086,6.155208333333332
1087,6.209374999999999
1088,5.827083333333333
1089,5.982812499999999
1090,5.425520833333333
1091,5.6343749999999995
1092,5.758854166666666
1093,5.716145833333333
1094,5.211458333333333
1095,6.4057291666666645
1096,6.6526041666666655
1097,6.249479166666667
1098,5.079166666666667
1099,6.697916666666667
1100,6.827604166666666
1101,7.031249999999999
1102,7.437499999999999
1103,7.007291666666667
1104,6.971875
1105,5.457291666666666
1106,6.309895833333333
1107,4.924479166666667
1108,6.515104166666666
1109,6.673958333333334
1110,5.492708333333333
1111,5.812499999999999
1112,6.442708333333333
1113,5.7515624999999995
1114,5.892708333333332
1115,5.3921874999999995
1116,6.826041666666666
1117,6.352604166666667
1118,5.764583333333333
1119,5.558333333333333
1120,4.841145833333333
1121,4.672916666666666
1122,4.525520833333332
1123,4.467708333333333
1124,4.502604166666667
1125,4.854687499999999
1126,3.620833333333333
1127,3.4328124999999994
1128,2.7838541666666665
1129,2.7203125
1130,3.053645833333333
1131,3.266145833333333
1132,3.024479166666666
1133,2.9114583333333335
1134,2.9796874999999994
1135,3.3244791666666664
1136,3.256770833333333
1137,3.0369791666666663
1138,3.608333333333333
1139,3.7557291666666663
1140,3.149479166666667
1141,2.9848958333333333
1142,3.409895833333333
1143,3.9098958333333322
1144,3.3249999999999997
1145,3.6369791666666664
1146,3.3302083333333328
1147,2.959895833333333
1148,3.548958333333333
1149,3.0723958333333328
1150,3.258333333333333
1151,2.928645833333333
1152,3.843229166666666
1153,3.5364583333333335
1154,3.7609374999999994
1155,3.431770833333333
1156,3.2916666666666665
1157,3.2328124999999996
1158,3.8947916666666664
1159,3.2109375
1160,3.6916666666666664
1161,3.4979166666666663
1162,4.0171874999999995
1163,3.605208333333333
1164,4.350520833333333
1165,3.682291666666666
1166,3.7479166666666663
1167,4.854166666666666
1168,3.3145833333333328
1169,3.488020833333333
1170,4.363020833333333
1171,3.74375
1172,3.873958333333333
1173,3.944270833333333
1174,3.643229166666666
1175,3.805208333333333
1176,4.921354166666666
1177,4.458854166666666
1178,4.316666666666666
1179,4.451562499999999
1180,4.600520833333333
1181,4.359895833333333
1182,4.725520833333333
1183,5.091666666666666
1184,4.185937499999999
1185,4.416666666666666
1186,5.1671875
1187,5.508333333333333
1188,5.095833333333333
1189,4.9755208333333325
1190,4.961458333333333
1191,5.3010416666666655
1192,5.924479166666667
1193,5.721875
1194,4.722916666666666
1195,5.4026041666666655
1196,5.246874999999999
1197,5.517708333333331
1198,4.993229166666666
1199,5.3859375
1200,5.006249999999999
1201,6.1984375
1202,6.0734375
1203,5.09375
1204,6.3953125
1205,6.244270833333332
1206,6.142708333333332
1207,5.501041666666666
1208,6.482812499999999
1209,6.169791666666666
1210,6.288541666666667
1211,7.1671875
1212,6.991145833333333
1213,6.657291666666666
1214,6.794270833333333
1215,7.4484375
1216,8.059375
1217,6.8244791666666655
1218,6.434374999999999
1219,6.915104166666667
1220,7.299479166666667
1221,8.078645833333333
1222,7.701562499999999
1223,7.7578125
1224,6.853124999999999
1225,8.754166666666666
1226,7.573958333333333
1227,7.7609375
1228,8.808333333333332
1229,7.460416666666667
1230,7.6968749999999995
1231,7.579687499999999
1232,9.2546875
1233,10.281770833333333
1234,8.205729166666666
1235,9.526041666666666
1236,9.644270833333332
1237,8.892187499999999
1238,8.783333333333331
1239,9.293229166666666
1240,9.413020833333333
1241,9.135416666666666
1242,10.709895833333334
1243,9.261979166666666
1244,9.418749999999998
1245,9.551041666666665
1246,9.041145833333333
1247,9.588020833333333
1248,9.090625
1249,8.972395833333332
1250,6.467708333333332
1251,7.382291666666667
1252,7.0843750000000005
1253,8.097916666666665
1254,7.565625
1255,7.867708333333333
1256,8.165104166666666
1257,6.631249999999999
1258,7.669791666666666
1259,7.088541666666667
1260,7.499479166666667
1261,7.641145833333333
1262,7.198958333333333
1263,9.138541666666667
1264,7.933333333333333
1265,6.34375
1266,7.1526041666666655
1267,7.2463541666666655
1268,8.205208333333333
1269,7.827083333333332
1270,7.154166666666666
1271,8.196354166666666
1272,6.833333333333333
1273,7.8734375000000005
1274,7.9015625
1275,5.680208333333333
1276,5.625
1277,6.485416666666666
1278,6.216145833333332
1279,6.327604166666667
1280,6.178124999999999
1281,6.657812499999999
1282,7.130208333333332
1283,6.891666666666666
1284,7.022395833333332
1285,6.648958333333333
1286,6.653645833333333
1287,6.818229166666666
1288,6.4182291666666655
1289,6.600520833333332
1290,6.907291666666667
1291,6.515104166666666
1292,5.938020833333333
1293,6.469791666666666
1294,6.804166666666666
1295,6.964583333333333
1296,6.351041666666666
1297,7.285937499999999
1298,6.423437499999999
1299,6.786979166666666
1300,6.220312499999999
1301,5.4078124999999995
1302,6.098958333333333
1303,6.758854166666666
1304,6.0776041666666645
1305,6.024479166666667
1306,6.441145833333334
1307,6.0390625
1308,5.486979166666667
1309,5.8687499999999995
1310,6.408854166666665
1311,5.84375
1312,6.814583333333332
1313,6.395833333333332
1314,5.646354166666666
1315,5.936458333333333
1316,5.628125
1317,6.586458333333333
1318,6.536979166666666
1319,5.659375
1320,5.503645833333333
1321,5.582812499999999
1322,6.1447916666666655
1323,6.876562499999999
1324,6.735416666666666
1325,5.964583333333333
1326,5.896354166666666
1327,5.628645833333333
1328,6.171354166666666
1329,6.255729166666666
1330,6.749479166666667
1331,6.045833333333333
1332,6.069791666666666
1333,6.3140624999999995
1334,7.501041666666666
1335,7.408854166666667
1336,6.672916666666666
1337,7.397395833333333
1338,6.739062499999999
1339,7.961458333333333
1340,7.794791666666666
1341,6.850520833333333
1342,6.826041666666666
1343,7.119791666666667
1344,6.761979166666666
1345,6.849479166666666
1346,7.606249999999999
1347,8.2265625
1348,7.9338541666666655
1349,8.719791666666666
1350,7.927604166666665
1351,6.660937499999999
1352,8.675520833333332
1353,8.830729166666666
1354,8.7015625
1355,9.299999999999999
1356,7.314062499999999
1357,7.743229166666666
1358,7.588541666666667
1359,8.78125
1360,7.821874999999999
1361,7.313020833333333
1362,8.190624999999999
1363,6.746354166666666
1364,6.908854166666665
1365,6.230208333333333
1366,6.609895833333332
1367,6.554687499999999
1368,7.0953124999999995
1369,5.252083333333332
1370,5.563020833333333
1371,5.28125
1372,6.584895833333333
1373,5.793229166666666
1374,5.23125
1375,4.916666666666666
1376,4.164583333333334
1377,5.451562499999999
1378,4.136979166666666
1379,4.802604166666666
1380,4.434374999999999
1381,4.633854166666667
1382,5.511979166666666
1383,4.373437499999999
1384,4.686458333333333
1385,4.783333333333332
1386,4.441666666666666
1387,5.724479166666666
1388,5.075520833333332
1389,5.20625
1390,5.374479166666667
1391,5.0640624999999995
1392,6.4260416666666655
1393,5.143229166666666
1394,5.647916666666666
1395,5.236458333333332
1396,5.989062499999999
1397,5.352083333333333
1398,5.470833333333332
1399,5.911458333333332
1400,6.578645833333333
1401,6.673437499999999
1402,7.492708333333333
1403,7.095833333333331
1404,7.048437499999999
1405,7.2265625
1406,6.386979166666666
1407,7.530208333333333
1408,6.849999999999999
1409,7.8703125
1410,7.2890625
1411,7.828645833333333
1412,7.601041666666667
1413,7.816666666666666
1414,7.813020833333333
1415,8.622395833333334
1416,8.277083333333332
1417,8.402604166666665
1418,8.15625
1419,8.577083333333333
1420,9.039583333333333
1421,9.377604166666666
1422,8.671354166666665
1423,9.247395833333334
1424,9.541145833333331
1425,9.678125
1426,8.25625
1427,8.674999999999999
1428,8.938541666666666
1429,9.3265625
1430,9.5046875
1431,9.391666666666666
1432,8.060416666666667
1433,9.616145833333333
1434,8.340625
1435,8.040624999999999
1436,9.164583333333333
1437,8.866145833333333
1438,8.886979166666665
1439,9.799479166666666
1440,9.302083333333334
1441,9.9765625
1442,7.9484375
1443,9.422395833333333
1444,8.897916666666665
1445,8.338020833333333
1446,8.127083333333333
1447,8.352604166666666
1448,8.683333333333332
1449,8.408333333333333
1450,9.283854166666666
1451,8.572395833333333
1452,7.867708333333333
1453,7.8635416666666655
1454,8.036979166666665
1455,8.224479166666667
1456,7.060937499999999
1457,7.095312499999999
1458,6.4885416666666655
1459,5.4156249999999995
1460,6.128645833333333
1461,5.373958333333332
1462,6.751562499999999
1463,5.481770833333332
1464,5.802083333333333
1465,5.633333333333333
1466,5.094791666666667
1467,5.498437499999999
1468,6.267708333333334
1469,6.217187499999999
1470,5.4375
1471,5.861458333333331
1472,5.435937499999999
1473,5.359895833333333
1474,5.367708333333333
1475,6.003645833333333
1476,5.646874999999999
1477,5.816145833333333
1478,5.866145833333333
1479,7.037499999999999
1480,6.2203124999999995
1481,6.653645833333332
1482,6.115624999999999
1483,6.2265625
1484,7.5822916666666655
1485,6.2541666666666655
1486,7.48125
1487,6.591145833333332
1488,6.469270833333333
1489,7.200520833333333
1490,7.467708333333332
1491,7.534895833333333
1492,7.713020833333334
1493,8.396875
1494,7.10625
1495,7.9796875
1496,8.861979166666666
1497,7.790104166666666
1498,8.283854166666666
1499,7.405208333333333
1500,8.997916666666667
1501,9.4890625
1502,9.6921875
1503,8.172395833333333
1504,8.289583333333333
1505,8.7828125
1506,8.399479166666666
1507,8.455729166666666
1508,8.392708333333333
1509,8.266666666666666
1510,9.705729166666666
1511,8.9921875
1512,9.3890625
1513,9.114583333333334
1514,9.263020833333334
1515,9.394791666666665
1516,10.151562499999999
1517,9.163020833333333
1518,9.994791666666666
1519,10.575520833333332
1520,9.478124999999999
1521,9.809375000000001
1522,9.816145833333332
1523,10.346354166666666
1524,10.645833333333332
1525,10.179166666666665
1526,10.528125000000001
1527,10.015624999999998
1528,10.5375
1529,9.135937499999999
1530,10.305208333333333
1531,9.663020833333334
1532,9.801041666666666
1533,8.38125
1534,9.794270833333334
1535,8.440104166666666
1536,8.801562500000001
1537,8.521875
1538,9.475
1539,9.359895833333333
1540,8.409895833333332
1541,7.707812499999999
1542,8.227604166666666
1543,7.8390625
1544,8.135937499999999
1545,7.366145833333332
1546,8.303125
1547,7.567187499999999
1548,7.634374999999999
1549,7.0578125
1550,6.784895833333333
1551,7.8010416666666655
1552,8.2015625
1553,7.227083333333333
1554,7.2697916666666655
1555,7.982291666666666
1556,8.570312499999998
1557,7.883854166666666
1558,7.1937500000000005
1559,7.572916666666667
1560,8.248958333333333
1561,8.374479166666665
1562,8.2625
1563,8.153645833333332
1564,8.408854166666666
1565,8.526562499999999
1566,9.133854166666666
1567,8.798958333333333
1568,7.677604166666666
1569,7.701041666666666
1570,8.329687499999999
1571,9.470833333333331
1572,10.009375
1573,7.520312499999999
1574,6.997395833333332
1575,7.875520833333333
1576,7.3859375
1577,7.127604166666665
1578,8.039583333333333
1579,7.094270833333333
1580,7.3125
1581,7.452083333333332
1582,7.120833333333334
1583,7.3640625
1584,7.097395833333333
1585,6.728124999999999
1586,7.6796875
1587,8.026562499999999
1588,7.339583333333333
1589,7.986979166666665
1590,8.695833333333333
1591,7.995312499999998
1592,8.484374999999998
1593,8.420833333333333
1594,8.205208333333333
1595,7.363020833333333
1596,8.4421875
1597,7.920312499999999
1598,8.040104166666666
1599,7.994270833333332
1600,7.483333333333333
1601,7.708854166666666
1602,7.219791666666666
1603,7.441145833333333
1604,7.061458333333332
1605,6.670833333333333
1606,6.875520833333333
1607,5.408333333333334
1608,5.513541666666666
1609,5.514583333333333
1610,6.1140625
1611,5.646354166666666
1612,6.109375
1613,6.526041666666667
1614,6.689062499999999
1615,6.2124999999999995
1616,7.630729166666666
1617,6.153645833333332
1618,6.505208333333332
1619,7.027083333333333
1620,7.885416666666665
1621,8.10625
1622,7.9265625
1623,8.588020833333333
1624,8.130208333333332
1625,8.506770833333333
1626,8.620833333333334
1627,8.878124999999999
1628,8.861979166666666
1629,9.853124999999999
1630,9.627604166666666
1631,10.2234375
1632,10.034374999999999
1633,10.2046875
1634,9.046875
1635,11.1015625
1636,10.479687499999999
1637,11.047916666666666
1638,11.322916666666666
1639,11.583333333333334
1640,9.889583333333333
1641,10.158333333333333
1642,9.054687499999998
1643,10.139583333333333
1644,8.823437499999999
1645,9.951041666666667
1646,9.030729166666665
1647,8.1765625
1648,8.826041666666667
1649,9.816145833333332
1650,9.355729166666665
1651,9.713020833333333
1652,8.854166666666666
1653,8.9265625
1654,8.449479166666666
1655,8.760937499999999
1656,10.004166666666666
1657,9.540104166666667
1658,9.614062500000001
1659,9.3640625
1660,8.395312500000001
1661,8.854166666666666
1662,8.323437499999999
1663,7.881770833333332
1664,8.194270833333333
1665,7.634895833333331
1666,7.369270833333332
1667,9.00625
1668,7.891145833333333
1669,8.215624999999998
1670,8.098958333333334
1671,7.348437499999999
1672,8.055729166666666
1673,7.910937499999998
1674,7.785937499999999
1675,8.069270833333333
1676,7.736979166666667
1677,8.058333333333332
1678,8.727083333333333
1679,6.978645833333332
1680,8.541145833333333
1681,8.050520833333332
1682,7.719270833333333
1683,7.717187499999999
1684,8.632812499999998
1685,7.808333333333333
1686,8.0515625
1687,7.113020833333333
1688,7.589583333333333
1689,8.029166666666667
1690,7.685937499999999
1691,8.272916666666667
1692,7.782291666666666
1693,7.811458333333332
1694,8.144270833333332
1695,7.593229166666667
1696,7.425
1697,8.308854166666665
1698,7.878645833333333
1699,6.641666666666666
1700,7.067187499999999
1701,7.870833333333333
1702,6.782291666666666
1703,8.018229166666666
1704,7.692708333333333
1705,7.677604166666666
1706,7.675520833333333
1707,7.698958333333333
1708,8.079687499999999
1709,8.246875
1710,8.084375
1711,8.479687499999999
1712,8.415625
1713,7.283854166666667
1714,7.9484375
1715,8.238020833333332
1716,7.9328125
1717,7.849999999999999
1718,7.901041666666667
1719,9.0625
1720,8.299479166666666
1721,9.148958333333333
1722,8.972395833333332
1723,9.552083333333332
1724,9.261979166666666
1725,9.439583333333333
1726,9.5515625
1727,9.3921875
1728,10.299999999999999
1729,10.290104166666664
1730,10.418229166666665
1731,10.401041666666666
1732,9.478645833333331
1733,9.114062499999998
1734,9.197395833333333
1735,10.008854166666666
1736,8.771875
1737,9.723958333333334
1738,9.656770833333333
1739,9.239583333333334
1740,9.541145833333333
1741,9.759374999999999
1742,9.343229166666665
1743,9.396875
1744,9.081249999999999
1745,9.284374999999999
1746,9.203645833333333
1747,9.342708333333333
1748,9.745833333333332
1749,9.383333333333333
1750,9.045833333333333
1751,9.825520833333334
1752,9.747916666666667
1753,10.272916666666667
1754,10.523437499999998
1755,11.230208333333332
1756,10.030729166666665
1757,10.2125
1758,10.152604166666665
1759,9.952604166666665
1760,9.792708333333332
1761,9.838541666666666
1762,9.941145833333332
1763,10.325520833333334
1764,10.069270833333333
1765,9.976041666666665
1766,10.725520833333333
1767,8.513020833333332
1768,8.027604166666666
1769,7.616666666666666
1770,7.478124999999999
1771,7.859375
1772,8.4765625
1773,7.3984375
1774,7.397916666666666
1775,6.697916666666665
1776,6.058854166666666
1777,6.861979166666665
1778,6.905729166666667
1779,6.324999999999999
1780,6.263020833333333
1781,5.642187499999999
1782,6.259374999999999
1783,6.600520833333333
1784,6.7072916666666655
1785,6.703124999999999
1786,6.327604166666667
1787,5.802604166666666
1788,5.4703124999999995
1789,5.305208333333332
1790,5.544270833333332
1791,5.381770833333332
1792,5.389062499999999
1793,5.405208333333332
1794,5.974479166666666
1795,5.8796875
1796,5.9484375
1797,5.040104166666667
1798,5.496875
1799,6.4859374999999995
1800,5.882291666666666
1801,5.852604166666666
1802,5.911458333333333
1803,5.722395833333333
1804,6.222395833333333
1805,5.272916666666666
1806,6.825520833333333
1807,6.851041666666667
1808,6.309895833333333
1809,6.045312499999999
1810,5.6109374999999995
1811,6.996874999999999
1812,6.028125
1813,5.715104166666666
1814,5.602604166666666
1815,5.716145833333333
1816,7.375520833333333
1817,6.857812499999999
1818,6.559895833333333
1819,6.651041666666665
1820,6.405208333333332
1821,6.497916666666666
1822,6.8390625
1823,7.398437499999999
1824,7.448958333333333
1825,6.818749999999999
1826,7.096354166666665
1827,7.915104166666666
1828,6.669270833333333
1829,7.551041666666666
1830,9.472916666666665
1831,8.329687499999999
1832,9.686458333333333
1833,8.583333333333334
1834,8.911458333333332
1835,9.146354166666667
1836,9.336979166666666
1837,9.195833333333333
1838,9.697916666666666
1839,10.639583333333333
1840,10.067708333333334
1841,10.176562499999998
1842,10.480729166666666
1843,9.634374999999999
1844,11.350520833333333
1845,10.489062500000001
1846,10.100520833333333
1847,10.533333333333333
1848,9.496354166666666
1849,9.729687499999999
1850,9.771354166666667
1851,8.625
1852,9.178645833333333
1853,8.763020833333334
1854,8.017187499999999
1855,8.444791666666665
1856,6.640104166666666
1857,7.603645833333332
1858,8.151041666666666
1859,6.049479166666667
1860,6.694270833333332
1861,6.693749999999999
1862,5.8531249999999995
1863,6.296874999999999
1864,6.504687499999999
1865,6.565104166666667
1866,5.779166666666666
1867,6.184374999999999
1868,6.320833333333333
1869,6.280729166666666
1870,6.636458333333333
1871,7.662499999999999
1872,7.269791666666666
1873,7.036979166666666
1874,7.286979166666666
1875,6.896874999999999
1876,7.463541666666667
1877,7.923958333333332
1878,7.336979166666666
1879,7.416145833333332
1880,6.890104166666666
1881,8.124479166666665
1882,7.442708333333333
1883,8.360937499999999
1884,7.990104166666666
1885,8.429166666666667
1886,7.615104166666666
1887,8.883333333333333
1888,8.283854166666666
1889,9.128645833333332
1890,8.684375
1891,7.529166666666666
1892,7.725520833333332
1893,7.227604166666666
1894,6.0765625000000005
1895,5.6656249999999995
1896,5.505729166666668
1897,5.8515625
1898,5.620833333333334
1899,5.0874999999999995
1900,4.3661458333333325
1901,4.755729166666666
1902,4.071354166666667
1903,4.175520833333334
1904,3.7848958333333336
1905,4.136979166666666
1906,4.158333333333332
1907,4.115104166666666
1908,3.735416666666667
1909,4.691145833333333
1910,4.247395833333332
1911,5.601041666666666
1912,4.863541666666666
1913,4.617708333333334
1914,4.894270833333333
1915,5.045312499999999
1916,4.949479166666666
1917,4.774479166666667
1918,4.642708333333333
1919,5.289062499999999
1920,5.098958333333333
1921,4.76875
1922,5.416666666666667
1923,4.865104166666667
1924,4.699999999999999
1925,5.5234375
1926,5.770833333333333
1927,5.403124999999999
1928,4.967187499999999
1929,5.309895833333332
1930,5.942187499999999
1931,5.495833333333333
1932,5.971354166666667
1933,4.762499999999999
1934,5.9760416666666645
1935,6.356249999999998
1936,5.349479166666666
1937,5.828125
1938,6.396874999999999
1939,6.415104166666666
1940,6.305208333333333
1941,6.981249999999998
1942,6.603645833333332
1943,6.617708333333333
1944,6.1578124999999995
1945,7.253125
1946,6.718749999999999
1947,6.0515625
1948,6.6557291666666645
1949,6.888020833333332
1950,6.795833333333332
1951,7.391145833333333
1952,9.1953125
1953,7.533333333333332
1954,7.706770833333333
1955,8.2265625
1956,7.478124999999999
1957,8.832291666666665
1958,8.130208333333332
1959,7.224479166666666
1960,7.528645833333333
1961,8.974479166666667
1962,7.267187499999999
1963,8.094270833333333
1964,9.678125
1965,9.143229166666666
1966,9.3671875
1967,10.290625
1968,8.122395833333334
1969,8.394791666666665
1970,8.239583333333334
1971,8.344791666666666
1972,9.172395833333333
1973,9.144791666666666
1974,8.518749999999999
1975,8.619791666666666
1976,9.263541666666667
1977,9.143749999999999
1978,8.310416666666667
1979,9.536979166666667
1980,9.786979166666667
1981,8.413541666666665
1982,9.040624999999999
1983,8.983854166666665
1984,9.048958333333331
1985,9.112499999999999
1986,9.384895833333333
1987,7.285937499999999
1988,9.182291666666666
1989,9.016666666666666
1990,7.970833333333332
1991,9.0390625
1992,10.000520833333333
1993,9.040624999999999
1994,8.871354166666666
1995,8.986458333333333
1996,9.338020833333333
1997,9.601041666666665
1998,10.061458333333333
1999,10.299999999999999
2000,10.350520833333333
2001,9.826041666666667
2002,10.0078125
2003,9.8328125
2004,10.294270833333332
2005,10.395312500000001
2006,7.882291666666666
2007,10.371875
2008,9.486458333333333
2009,8.95
2010,8.285416666666665
2011,8.897395833333333
2012,10.0546875
2013,8.760416666666666
2014,9.008333333333333
2015,9.233854166666665
2016,7.586458333333333
2017,8.350520833333333
2018,8.020833333333334
2019,7.873437499999999
2020,7.821874999999999
2021,7.348958333333332
2022,6.698958333333333
2023,7.7546875
2024,6.3947916666666655
2025,6.804166666666666
2026,7.1453125
2027,6.510416666666667
2028,6.740104166666666
2029,7.0249999999999995
2030,7.4875
2031,6.5874999999999995
2032,7.080729166666667
2033,7.139583333333333
2034,6.741666666666666
2035,7.2296875
2036,7.3088541666666655
2037,7.526041666666665
2038,8.0125
2039,7.548958333333332
2040,7.061458333333332
2041,7.376041666666666
2042,7.561458333333333
2043,7.305729166666666
2044,8.250520833333333
2045,8.3203125
2046,8.768229166666666
2047,7.827604166666667
2048,8.464062499999999
2049,8.6234375
2050,7.847916666666666
2051,8.341666666666667
2052,8.145312500000001
2053,8.840625
2054,8.7328125
2055,9.625520833333333
2056,8.363020833333332
2057,8.1390625
2058,8.349479166666667
2059,8.218229166666665
2060,8.205208333333333
2061,7.888020833333333
2062,8.753645833333332
2063,8.142708333333333
2064,8.460416666666665
2065,8.575000000000001
2066,7.5697916666666645
2067,7.244791666666665
2068,8.079687499999999
2069,7.553124999999999
2070,7.904687499999999
2071,7.403645833333333
2072,8.758333333333333
2073,8.707291666666666
2074,8.030729166666665
2075,7.7453125
2076,7.8703125
2077,8.613541666666666
2078,9.615104166666667
2079,8.244791666666666
2080,7.5744791666666655
2081,8.65625
2082,7.344791666666666
2083,7.6125
2084,8.5171875
2085,8.067708333333334
2086,8.1546875
2087,7.9921875
2088,8.569270833333333
2089,8.546874999999998
2090,9.906770833333333
2091,8.797395833333331
2092,6.953125
2093,9.646875
2094,8.5953125
2095,8.335416666666665
2096,6.515104166666666
2097,7.519270833333333
2098,6.7484375000000005
2099,6.2921875
2100,5.448958333333333
2101,6.818229166666666
2102,6.130729166666666
2103,7.386979166666667
2104,5.225520833333333
2105,4.9734375
2106,5.045312499999999
2107,4.25625
2108,4.1734374999999995
2109,4.2265625
2110,3.9354166666666663
2111,3.8072916666666665
2112,3.4161458333333328
2113,3.9572916666666664
2114,3.8494791666666663
2115,3.9234375
2116,4.731770833333333
2117,4.5197916666666655
2118,4.270833333333333
2119,4.210416666666666
2120,3.991145833333333
2121,4.9416666666666655
2122,4.601041666666666
2123,4.319791666666666
2124,4.6515625
2125,5.574479166666666
2126,4.190625
2127,4.7953125
2128,4.969270833333333
2129,5.544791666666666
2130,5.5041666666666655
2131,5.395312499999999
2132,4.8218749999999995
2133,4.486979166666666
2134,5.634895833333332
2135,5.565625
2136,5.7703125
2137,4.811979166666666
2138,4.741145833333333
2139,4.490104166666666
2140,3.8848958333333328
2141,4.7203124999999995
2142,5.072395833333332
2143,4.906770833333333
2144,4.623958333333333
2145,4.969791666666667
2146,4.543229166666666
2147,5.109374999999999
2148,5.0510416666666655
2149,4.216145833333333
2150,4.190625
2151,4.894270833333333
2152,4.8578125000000005
2153,4.740104166666666
2154,4.553124999999999
2155,4.2593749999999995
2156,4.221354166666667
2157,5.610937499999999
2158,4.9781249999999995
2159,5.882291666666666
2160,4.296354166666666
2161,5.511458333333333
2162,5.795833333333333
2163,5.60625
2164,5.177604166666666
2165,5.892708333333334
2166,6.2124999999999995
2167,6.538541666666666
2168,5.199999999999999
2169,5.699999999999999
2170,6.634895833333332
2171,6.566145833333333
2172,6.215624999999999
2173,6.971875
2174,7.293749999999999
2175,5.867708333333333
2176,5.399479166666666
2177,6.6578124999999995
2178,6.410937499999999
2179,7.427083333333333
2180,7.254687499999999
2181,7.3010416666666655
2182,7.4953125
2183,6.807291666666667
2184,7.642708333333332
2185,7.1135416666666655
2186,6.253125
2187,7.467187499999999
2188,7.313020833333333
2189,7.048958333333334
2190,7.030729166666667
2191,6.6604166666666655
2192,6.964583333333333
2193,7.5619791666666645
2194,6.083333333333333
2195,6.175520833333333
2196,5.0041666666666655
2197,4.9104166666666655
2198,5.966666666666666
2199,4.656770833333333
2200,6.086979166666666
2201,5.381770833333333
2202,4.731770833333333
2203,4.177604166666666
2204,4.857812499999999
2205,4.867708333333333
2206,4.480208333333333
2207,5.096875
2208,4.6625
2209,5.289062499999999
2210,5.2541666666666655
2211,5.390625
2212,5.963541666666667
2213,5.512499999999999
2214,5.934895833333333
2215,4.815104166666666
2216,6.094791666666666
2217,4.991666666666666
2218,6.170833333333333
2219,6.291145833333332
2220,5.503125
2221,4.85
2222,5.808333333333333
2223,6.535416666666666
2224,4.4875
2225,5.541145833333332
2226,5.243229166666666
2227,5.204166666666667
2228,6.5359375
2229,6.127083333333332
2230,5.3703125
2231,6.5
2232,4.640104166666666
2233,5.547916666666666
2234,5.542708333333333
2235,5.170833333333333
2236,5.406249999999999
2237,5.599999999999999
2238,5.272916666666666
2239,5.824999999999999
2240,5.352604166666666
2241,5.504166666666666
2242,5.685416666666666
2243,4.807291666666667
2244,6.597395833333333
2245,6.285416666666667
2246,6.032291666666666
2247,6.20625
2248,6.7437499999999995
2249,5.486458333333332
2250,6.391666666666666
2251,6.464583333333333
2252,6.2859375
2253,6.118229166666667
2254,6.065625
2255,5.4838541666666645
2256,6.138541666666666
2257,6.248437499999999
2258,6.375
2259,5.007291666666666
2260,5.83125
2261,5.557291666666667
2262,6.329166666666666
2263,5.46875
2264,6.485416666666667
2265,4.280208333333333
2266,5.852083333333333
2267,6.069791666666667
2268,5.1760416666666655
2269,4.866145833333333
2270,5.220833333333332
2271,5.1828125
2272,5.267708333333332
2273,5.8703125
2274,5.1
2275,4.4468749999999995
2276,5.183333333333333
2277,4.863541666666666
2278,5.526041666666667
2279,4.5249999999999995
2280,5.109895833333333
2281,5.118229166666666
2282,4.855208333333333
2283,5.140625
2284,4.608854166666666
2285,4.640104166666666
2286,4.285937499999999
2287,4.397395833333333
2288,4.624479166666666
2289,4.215104166666666
2290,4.202604166666666
2291,4.664583333333333
2292,5.127083333333332
2293,4.043749999999999
2294,3.7598958333333328
2295,4.174479166666667
2296,3.5364583333333335
2297,5.006249999999999
2298,4.1265624999999995
2299,3.788020833333333
2300,4.188541666666667
2301,5.023958333333333
2302,4.0265625
2303,4.894791666666666
2304,3.7843749999999994
2305,4.829166666666667
2306,5.2734375
2307,5.227083333333333
2308,4.757291666666666
2309,4.400520833333332
2310,5.816666666666666
2311,4.83125
2312,3.9994791666666667
2313,4.685416666666666
2314,4.789062499999999
2315,4.805208333333333
2316,4.2921875
2317,5.250520833333333
2318,5.2124999999999995
2319,6.0432291666666655
2320,5.269270833333333
2321,5.145833333333333
2322,4.5109375
2323,5.1828125
2324,5.006770833333333
2325,5.060416666666666
2326,4.972395833333333
2327,4.833854166666666
2328,4.5328124999999995
2329,4.142708333333333
2330,4.036458333333333
2331,4.594791666666666
2332,4.661979166666666
2333,4.539062499999999
2334,5.217708333333332
2335,4.959374999999999
2336,3.9796874999999994
2337,4.0828125
2338,4.408854166666666
2339,5.5578125
2340,4.490104166666666
2341,4.038020833333333
2342,4.805729166666667
2343,4.347395833333333
2344,3.8578124999999996
2345,4.667708333333333
2346,4.464583333333333
2347,4.896874999999999
2348,4.294791666666666
2349,4.553645833333333
2350,3.791666666666666
2351,4.041666666666666
2352,4.422395833333333
2353,4.346875
2354,4.488020833333333
2355,4.226562499999999
2356,4.507291666666666
2357,4.4156249999999995
2358,4.632812499999999
2359,5.317708333333333
2360,5.147916666666666
2361,4.815104166666666
2362,5.214062499999999
2363,5.770833333333333
2364,5.957812499999999
2365,5.504166666666666
2366,5.8218749999999995
2367,6.068749999999999
2368,6.159895833333333
2369,5.915624999999999
2370,6.2015625000000005
2371,4.4109375
2372,5.141666666666667
2373,4.841145833333333
2374,5.483333333333333
2375,5.147916666666666
2376,5.236979166666667
2377,5.486458333333334
2378,5.992708333333333
2379,5.903124999999999
2380,5.377083333333332
2381,6.183333333333333
2382,6.008854166666666
2383,7.1291666666666655
2384,6.0390625
2385,5.758333333333333
2386,6.482812499999999
2387,6.180729166666666
2388,6.810937499999999
2389,5.684375
2390,6.489062499999999
2391,6.316145833333333
2392,6.587499999999999
2393,4.723958333333333
2394,6.211979166666666
2395,6.7359374999999995
2396,6.684374999999999
2397,6.061458333333332
2398,6.0229166666666645
2399,6.175520833333334
2400,5.416666666666667
2401,5.695833333333333
2402,5.484375
2403,5.642708333333334
2404,5.134895833333332
2405,5.3234375
2406,5.1828125
2407,5.392187499999999
2408,5.669270833333333
2409,5.421354166666666
2410,6.035937499999999
2411,5.606770833333332
2412,5.586458333333333
2413,5.439062499999999
2414,7.0093749999999995
2415,5.605208333333333
2416,5.3640625
2417,5.9375
2418,6.176562499999998
2419,6.296354166666666
2420,6.707812499999999
2421,7.328124999999999
2422,5.866666666666666
2423,6.686979166666666
2424,7.065104166666667
2425,6.891145833333333
2426,7.493749999999999
2427,7.299479166666667
2428,7.85625
2429,7.087500000000001
2430,7.034895833333333
2431,7.690625
2432,7.411979166666666
2433,7.643229166666665
2434,8.241145833333333
2435,8.00625
2436,7.9624999999999995
2437,8.6078125
2438,8.355208333333332
2439,8.642708333333333
2440,8.400520833333333
2441,9.271875
2442,8.936458333333333
2443,8.79375
2444,8.953124999999998
2445,9.789583333333333
2446,10.534895833333332
2447,9.010416666666666
2448,9.476041666666665
2449,10.007812499999998
2450,8.0453125
2451,9.221354166666666
2452,8.6453125
2453,8.831770833333332
2454,7.997916666666666
2455,8.388541666666667
2456,8.584375
2457,8.827083333333333
2458,8.352083333333333
2459,8.884374999999999
2460,7.679166666666666
2461,7.395833333333333
2462,7.435416666666666
2463,7.661458333333332
2464,6.167708333333333
2465,6.048958333333332
2466,5.631249999999999
2467,3.6609374999999993
2468,4.3078125
2469,3.9375
2470,4.171875
2471,4.328645833333333
2472,3.4015624999999994
2473,4.255729166666666
2474,4.234895833333333
2475,4.101562499999999
2476,4.692708333333332
2477,4.369791666666666
2478,4.428124999999999
2479,4.883854166666667
2480,4.558854166666666
2481,4.841666666666666
2482,4.998437499999999
2483,5.139062499999999
2484,4.575520833333333
2485,4.650520833333333
2486,4.843229166666666
2487,4.701041666666667
2488,5.8796875
2489,5.140624999999999
2490,4.733333333333333
2491,5.577604166666666
2492,4.794791666666666
2493,4.952083333333333
2494,5.683854166666666
2495,4.743229166666667
2496,5.608854166666666
2497,4.678125
2498,4.561979166666666
2499,4.6203125
2500,5.447916666666667
2501,4.989062499999999
2502,4.891145833333333
2503,5.3479166666666655
2504,6.020833333333333
2505,5.300520833333333
2506,4.859375
2507,4.7515624999999995
2508,6.444270833333332
2509,6.372916666666666
2510,5.304166666666666
2511,6.022395833333333
2512,6.3859375
2513,5.557291666666667
2514,5.846354166666667
2515,6.793229166666666
2516,7.108854166666666
2517,6.188541666666666
2518,6.057291666666665
2519,7.523958333333333
2520,7.196874999999999
2521,7.646874999999999
2522,7.684375
2523,6.983854166666666
2524,7.920312499999999
2525,7.6421874999999995
2526,6.5666666666666655
2527,6.3046875
2528,7.192187499999999
2529,7.352083333333333
2530,6.01875
2531,6.292708333333333
2532,5.680208333333333
2533,6.393229166666667
2534,6.610416666666666
2535,6.231249999999999
2536,6.041666666666667
2537,6.459374999999999
2538,6.863541666666666
2539,6.170312499999999
2540,6.168229166666666
2541,6.784375
2542,6.511458333333333
2543,6.3088541666666655
2544,6.386458333333333
2545,5.9807291666666655
2546,6.878125
2547,6.3828125
2548,7.084374999999999
2549,6.583854166666666
2550,7.1291666666666655
2551,8.011979166666666
2552,7.510416666666667
2553,7.761979166666666
2554,7.478124999999999
2555,8.647395833333333
2556,7.633854166666666
2557,7.908854166666667
2558,7.84375
2559,8.209375
2560,7.029166666666666
2561,7.915104166666666
2562,9.621354166666665
2563,7.988020833333333
2564,9.863020833333332
2565,9.566666666666665
2566,7.892187499999999
2567,8.354687499999999
2568,7.929166666666666
2569,7.412499999999999
2570,7.257291666666667
2571,7.444270833333333
2572,6.272916666666666
2573,8.206770833333332
2574,6.9453125
2575,7.231770833333332
2576,7.5354166666666655
2577,7.071354166666666
2578,7.675
2579,6.6984375
2580,6.692187499999999
2581,7.317187499999999
2582,7.228645833333332
2583,6.8078125
2584,7.109895833333333
2585,7.303645833333332
2586,7.641666666666666
2587,8.285937499999998
2588,7.724479166666666
2589,8.647395833333333
2590,7.059895833333333
2591,7.421875
2592,8.880208333333332
2593,7.619270833333334
2594,8.9984375
2595,7.838541666666667
2596,8.790624999999999
2597,9.10625
2598,8.492708333333333
2599,9.684895833333332
2600,8.627604166666666
2601,8.288020833333333
2602,9.127083333333333
2603,9.335416666666665
2604,9.361458333333333
2605,9.848437500000001
2606,8.84375
2607,10.156770833333333
2608,9.021354166666667
2609,9.5609375
2610,9.711979166666666
2611,8.516666666666666
2612,8.538541666666665
2613,8.234374999999998
2614,8.643229166666666
2615,7.671875
2616,7.798958333333332
2617,7.183333333333333
2618,6.884895833333332
2619,8.2515625
2620,7.053124999999999
2621,6.974479166666666
2622,7.5890625
2623,5.805729166666666
2624,6.008333333333333
2625,4.9156249999999995
2626,5.013020833333333
2627,5.680208333333333
2628,5.733333333333333
2629,6.2046874999999995
2630,5.1703125
2631,5.890104166666666
2632,5.979166666666667
2633,5.499479166666667
2634,6.040624999999999
2635,5.857291666666666
2636,6.5015624999999995
2637,6.189583333333332
2638,6.7546875
2639,5.924479166666665
2640,6.40625
2641,6.593229166666667
2642,7.080729166666667
2643,6.5578125
2644,6.719791666666666
2645,6.606249999999999
2646,7.156770833333333
2647,6.944270833333333
2648,6.9312499999999995
2649,7.1734374999999995
2650,7.672916666666666
2651,6.917708333333333
2652,8.107291666666667
2653,7.540104166666666
2654,8.022395833333333
2655,8.360416666666666
2656,8.553645833333333
2657,8.367708333333333
2658,8.690104166666666
2659,8.779166666666667
2660,8.862499999999999
2661,8.341666666666667
2662,8.594791666666666
2663,9.048958333333333
2664,8.746875000000001
2665,9.110416666666666
2666,8.436979166666665
2667,8.733854166666667
2668,7.184895833333333
2669,6.503645833333333
2670,7.496875
2671,7.755208333333333
2672,8.127604166666666
2673,6.869270833333332
2674,8.696354166666666
2675,7.89375
2676,7.083854166666666
2677,6.730208333333333
2678,7.288020833333333
2679,5.9338541666666655
2680,6.003645833333333
2681,5.444270833333332
2682,4.983854166666666
2683,4.599999999999999
2684,4.114583333333333
2685,3.855208333333333
2686,3.540104166666666
2687,4.2203124999999995
2688,4.602604166666667
2689,4.190625
2690,4.427604166666666
2691,4.314583333333332
2692,4.1343749999999995
2693,4.570833333333333
2694,5.036458333333333
2695,4.7177083333333325
2696,5.203125
2697,4.795312499999999
2698,4.786458333333333
2699,4.7140625
2700,4.8921874999999995
2701,5.520312499999999
2702,5.453645833333333
2703,5.788020833333333
2704,4.616145833333333
2705,5.330729166666666
2706,5.630208333333333
2707,7.031770833333333
2708,6.446874999999999
2709,6.863541666666666
2710,6.016666666666666
2711,6.732291666666666
2712,5.322395833333332
2713,6.239583333333332
2714,6.393229166666667
2715,7.338541666666665
2716,6.250520833333333
2717,7.177083333333333
2718,7.5619791666666645
2719,7.958333333333332
2720,7.383333333333333
2721,7.640624999999999
2722,7.465104166666666
2723,6.8557291666666655
2724,7.068749999999999
2725,7.077604166666666
2726,7.834895833333332
2727,7.402083333333333
2728,7.504166666666666
2729,7.371874999999998
2730,7.413541666666666
2731,7.904687499999999
2732,7.384895833333332
2733,6.198958333333333
2734,6.7421875
2735,6.501041666666666
2736,6.322395833333331
2737,8.4515625
2738,6.268229166666667
2739,6.627083333333332
2740,6.664583333333333
2741,7.655208333333332
2742,8.024479166666666
2743,7.2734375
2744,7.463020833333332
2745,7.610937499999999
2746,7.632812499999999
2747,7.670833333333333
2748,8.493229166666666
2749,8.204687499999999
2750,7.7619791666666655
2751,7.636458333333334
2752,7.923437499999999
2753,7.618229166666666
2754,8.553645833333333
2755,8.632291666666665
2756,8.035416666666665
2757,8.596354166666666
2758,8.764583333333333
2759,8.778125
2760,8.848437499999998
2761,9.784895833333332
2762,8.848958333333332
2763,10.031249999999998
2764,9.231770833333332
2765,9.492187499999998
2766,9.751041666666666
2767,10.510416666666666
2768,9.6390625
2769,10.087499999999999
2770,10.219791666666666
2771,10.451041666666665
2772,10.008854166666666
2773,8.440104166666666
2774,7.783333333333332
2775,8.044791666666667
2776,7.917708333333333
2777,8.597916666666665
2778,8.132291666666665
2779,8.419270833333332
2780,7.870833333333333
2781,8.241145833333333
2782,8.355208333333334
2783,8.171875
2784,9.219270833333333
2785,8.8484375
2786,9.178645833333333
2787,8.258333333333333
2788,8.559895833333334
2789,10.088020833333333
2790,8.638020833333334
2791,9.160416666666665
2792,9.590104166666665
2793,9.446875
2794,10.136458333333332
2795,9.683854166666665
2796,10.747395833333334
2797,10.502083333333333
2798,10.10625
2799,10.026041666666666
2800,10.545833333333333
2801,9.2140625
2802,9.81875
2803,9.476041666666665
2804,9.809895833333334
2805,9.567708333333332
2806,9.4890625
2807,10.392708333333333
2808,9.572916666666666
2809,9.657812499999999
2810,9.360416666666666
2811,7.527083333333333
2812,9.203124999999998
2813,9.763541666666667
2814,6.274479166666666
2815,9.5234375
2816,9.581770833333332
2817,7.523958333333333
2818,7.924479166666667
2819,8.077083333333333
2820,6.921354166666666
2821,5.9875
2822,6.370833333333333
2823,7.279166666666666
2824,7.1859375000000005
2825,6.826041666666666
2826,7.333854166666666
2827,7.221354166666667
2828,6.564062499999999
2829,6.859895833333333
2830,6.956770833333333
2831,6.972395833333333
2832,6.748437499999999
2833,6.9796875
2834,7.425520833333334
2835,6.547395833333333
2836,7.731770833333333
2837,7.241666666666667
2838,7.850520833333333
2839,8.059375
2840,7.861458333333332
2841,7.844791666666666
2842,8.660416666666666
2843,8.216145833333334
2844,8.266145833333333
2845,8.720833333333333
2846,8.338541666666666
2847,8.446354166666666
2848,8.414583333333333
2849,8.322916666666666
2850,9.835937499999998
2851,9.696875
2852,9.2984375
2853,9.714583333333332
2854,9.719270833333333
2855,10.023958333333333
2856,9.138020833333334
2857,9.487499999999999
2858,9.141145833333333
2859,10.017708333333333
2860,9.730208333333332
2861,9.5328125
2862,9.911458333333334
2863,10.190624999999999
2864,9.709375
2865,8.096874999999999
2866,7.976041666666666
2867,9.5234375
2868,7.976041666666666
2869,7.660416666666666
2870,8.5671875
2871,7.764583333333333
2872,7.684895833333332
2873,7.619270833333332
2874,6.588541666666665
2875,7.955208333333332
2876,7.574999999999999
2877,7.442708333333333
2878,7.208333333333333
2879,5.988541666666666
2880,7.219270833333333
2881,6.586458333333333
2882,5.900520833333332
2883,6.938020833333333
2884,6.330729166666667
2885,7.4729166666666655
2886,7.266145833333333
2887,7.338020833333332
2888,7.570312499999999
2889,8.067187499999998
2890,7.526041666666667
2891,8.088541666666666
2892,7.667708333333333
2893,8.4296875
2894,6.774479166666666
2895,8.322916666666666
2896,8.076041666666667
2897,7.681770833333332
2898,8.426041666666665
2899,7.903124999999999
2900,7.360416666666666
2901,7.4994791666666645
2902,7.615624999999999
2903,8.497395833333334
2904,7.1828125
2905,7.065625
2906,7.499479166666667
2907,7.213541666666667
2908,6.747916666666666
2909,7.587499999999999
2910,7.588020833333332
2911,7.8125
2912,7.342708333333332
2913,7.774479166666666
2914,7.901041666666667
2915,9.709375
2916,6.857291666666666
2917,7.589583333333333
2918,7.188020833333333
2919,6.735937499999999
