,0
0,4.877777777777778
1,5.133333333333333
2,3.566666666666666
3,4.288888888888888
4,3.266666666666666
5,2.755555555555555
6,3.7999999999999994
7,2.7777777777777772
8,2.744444444444444
9,3.2999999999999994
10,2.6555555555555554
11,2.6222222222222222
12,2.9000000000000004
13,3.066666666666666
14,3.611111111111111
15,2.788888888888889
16,2.5555555555555554
17,2.7777777777777777
18,2.555555555555555
19,2.0777777777777775
20,1.7666666666666666
21,2.3
22,2.2555555555555555
23,2.1999999999999997
24,2.033333333333333
25,2.4111111111111114
26,1.7333333333333332
27,1.6888888888888889
28,2.0444444444444443
29,1.7222222222222223
30,1.8777777777777775
31,1.2222222222222223
32,1.2333333333333334
33,1.2888888888888888
34,1.622222222222222
35,1.311111111111111
36,1.488888888888889
37,1.722222222222222
38,2.011111111111111
39,2.188888888888888
40,2.3
41,2.011111111111111
42,2.488888888888889
43,3.033333333333333
44,2.4
45,2.688888888888888
46,2.3666666666666663
47,2.9777777777777774
48,1.8333333333333333
49,2.0777777777777775
50,1.6666666666666667
51,2.3999999999999995
52,2.4
53,2.6999999999999997
54,3.311111111111111
55,3.3666666666666663
56,3.6666666666666665
57,2.5444444444444443
58,3.2999999999999994
59,3.7222222222222223
60,2.744444444444444
61,2.811111111111111
62,2.3666666666666663
63,2.144444444444444
64,2.5222222222222217
65,2.011111111111111
66,1.9222222222222218
67,2.0222222222222226
68,1.8777777777777775
69,1.0
70,1.311111111111111
71,1.4777777777777779
72,1.222222222222222
73,1.6555555555555554
74,1.4777777777777779
75,1.2999999999999998
76,1.4444444444444444
77,1.6777777777777778
78,1.4000000000000001
79,1.9444444444444444
80,1.8555555555555554
81,1.7888888888888888
82,2.111111111111111
83,2.411111111111111
84,2.333333333333333
85,3.033333333333333
86,3.1777777777777776
87,3.1999999999999997
88,2.5777777777777775
89,4.688888888888888
90,4.666666666666666
91,3.355555555555555
92,2.9666666666666663
93,3.6999999999999997
94,2.988888888888889
95,3.8333333333333335
96,3.122222222222222
97,3.933333333333333
98,3.7222222222222214
99,4.51111111111111
100,3.5111111111111106
101,4.277777777777777
102,6.088888888888889
103,5.377777777777776
104,5.477777777777778
105,3.8666666666666663
106,5.211111111111111
107,4.655555555555555
108,5.888888888888889
109,5.4111111111111105
110,4.51111111111111
111,3.9444444444444446
112,4.322222222222221
113,4.8999999999999995
114,4.966666666666666
115,3.711111111111111
116,3.9000000000000004
117,4.066666666666666
118,3.4666666666666663
119,4.044444444444443
120,4.144444444444444
121,4.044444444444444
122,4.433333333333334
123,5.01111111111111
124,5.266666666666666
125,4.888888888888888
126,5.122222222222222
127,6.144444444444443
128,6.533333333333333
129,6.388888888888888
130,5.8999999999999995
131,6.422222222222222
132,5.0
133,4.766666666666667
134,6.144444444444444
135,4.544444444444443
136,5.199999999999999
137,4.877777777777776
138,5.322222222222221
139,4.933333333333333
140,4.188888888888888
141,3.677777777777777
142,3.611111111111111
143,2.7999999999999994
144,3.355555555555555
145,2.4777777777777774
146,4.1
147,3.577777777777778
148,2.8
149,3.0
150,2.2888888888888888
151,2.822222222222222
152,2.8888888888888884
153,2.9666666666666663
154,2.4555555555555553
155,3.011111111111111
156,3.4666666666666663
157,3.0888888888888886
158,3.0444444444444443
159,3.5444444444444447
160,2.944444444444444
161,2.622222222222222
162,2.411111111111111
163,2.622222222222222
164,3.1333333333333333
165,3.444444444444444
166,2.988888888888889
167,3.5222222222222217
168,3.5999999999999996
169,3.388888888888888
170,2.7222222222222223
171,3.7666666666666657
172,3.022222222222222
173,2.922222222222222
174,3.433333333333333
175,3.622222222222222
176,3.5222222222222213
177,2.9444444444444446
178,3.033333333333333
179,3.0444444444444443
180,3.8777777777777778
181,3.744444444444444
182,3.855555555555556
183,4.322222222222221
184,4.966666666666666
185,4.699999999999999
186,3.5444444444444443
187,5.377777777777776
188,4.388888888888888
189,4.7333333333333325
190,5.499999999999999
191,3.422222222222222
192,3.4666666666666663
193,4.633333333333333
194,4.7333333333333325
195,5.01111111111111
196,3.488888888888889
197,4.688888888888889
198,4.577777777777778
199,3.9444444444444446
200,4.2555555555555555
201,4.488888888888889
202,4.377777777777776
203,4.722222222222221
204,5.133333333333332
205,5.311111111111111
206,3.666666666666666
207,3.811111111111111
208,3.0777777777777775
209,3.511111111111111
210,3.888888888888888
211,4.033333333333333
212,1.9666666666666666
213,2.666666666666666
214,2.8444444444444446
215,3.5888888888888886
216,3.5777777777777775
217,3.6999999999999997
218,3.688888888888888
219,2.6555555555555554
220,3.2999999999999994
221,2.4999999999999996
222,3.1333333333333333
223,2.711111111111111
224,3.188888888888888
225,3.4111111111111105
226,3.544444444444444
227,3.5888888888888886
228,3.3333333333333335
229,2.744444444444445
230,3.0222222222222213
231,2.6666666666666665
232,3.3999999999999995
233,2.9111111111111105
234,3.2777777777777772
235,2.9111111111111105
236,2.822222222222222
237,3.3777777777777773
238,3.9333333333333322
239,3.877777777777777
240,2.844444444444444
241,3.8444444444444437
242,4.222222222222222
243,4.333333333333333
244,5.066666666666666
245,3.888888888888889
246,4.633333333333332
247,3.6555555555555554
248,5.599999999999999
249,5.122222222222222
250,4.277777777777777
251,5.322222222222221
252,7.0555555555555545
253,6.999999999999998
254,6.488888888888888
255,6.444444444444444
256,4.888888888888888
257,3.7333333333333334
258,5.31111111111111
259,4.8999999999999995
260,4.555555555555555
261,5.588888888888889
262,4.788888888888888
263,5.5777777777777775
264,5.666666666666665
265,6.466666666666666
266,5.988888888888888
267,7.099999999999999
268,6.133333333333333
269,7.277777777777776
270,5.644444444444444
271,6.388888888888888
272,4.933333333333334
273,4.8999999999999995
274,5.344444444444444
275,3.6999999999999997
276,4.944444444444444
277,3.622222222222222
278,4.499999999999999
279,4.699999999999999
280,3.8444444444444437
281,5.333333333333333
282,5.477777777777777
283,3.988888888888889
284,4.111111111111111
285,4.066666666666666
286,4.51111111111111
287,3.677777777777777
288,3.0777777777777775
289,3.7666666666666666
290,3.0999999999999996
291,3.1444444444444444
292,3.644444444444444
293,2.433333333333333
294,2.5222222222222217
295,2.4555555555555557
296,2.444444444444444
297,1.7999999999999998
298,1.2555555555555555
299,1.3888888888888888
300,1.822222222222222
301,2.022222222222222
302,2.0555555555555554
303,2.6555555555555554
304,2.422222222222222
305,3.2444444444444445
306,2.677777777777777
307,3.0555555555555554
308,2.711111111111111
309,2.433333333333333
310,3.3777777777777773
311,2.444444444444444
312,2.2666666666666666
313,3.2444444444444445
314,3.311111111111111
315,2.5444444444444443
316,2.8888888888888884
317,3.355555555555555
318,3.7111111111111104
319,2.5999999999999996
320,3.022222222222222
321,2.722222222222222
322,2.444444444444444
323,2.622222222222222
324,2.3666666666666663
325,2.766666666666667
326,3.155555555555555
327,2.422222222222222
328,2.4999999999999996
329,2.7333333333333334
330,2.344444444444444
331,1.9555555555555553
332,1.3111111111111111
333,1.3666666666666665
334,1.2333333333333334
335,1.3111111111111111
336,1.3888888888888888
337,1.3777777777777778
338,1.088888888888889
339,0.7666666666666666
340,0.8666666666666666
341,0.8999999999999999
342,0.7666666666666667
343,0.711111111111111
344,0.5333333333333333
345,0.7888888888888889
346,1.288888888888889
347,1.2111111111111112
348,1.8999999999999997
349,1.5
350,1.5666666666666669
351,1.3777777777777778
352,1.9888888888888887
353,1.588888888888889
354,1.7333333333333334
355,1.1777777777777778
356,1.177777777777778
357,0.9666666666666666
358,1.1555555555555557
359,1.1
360,0.9666666666666666
361,0.8555555555555556
362,0.6000000000000001
363,0.611111111111111
364,0.6333333333333333
365,0.6222222222222222
366,0.5666666666666667
367,0.8555555555555556
368,1.0333333333333334
369,1.3666666666666667
370,1.3777777777777775
371,1.3888888888888888
372,1.7444444444444442
373,2.644444444444444
374,2.522222222222222
375,2.0777777777777775
376,1.8888888888888888
377,2.255555555555555
378,2.722222222222222
379,1.9777777777777774
380,2.4
381,2.1666666666666665
382,1.7555555555555555
383,2.0555555555555554
384,2.1666666666666665
385,1.7444444444444445
386,1.9555555555555557
387,1.822222222222222
388,1.5555555555555554
389,1.6444444444444442
390,1.0666666666666667
391,2.0666666666666664
392,2.0666666666666664
393,1.6888888888888889
394,2.511111111111111
395,2.6555555555555554
396,3.188888888888888
397,3.544444444444444
398,4.111111111111111
399,3.8999999999999995
400,3.7666666666666666
401,4.744444444444444
402,3.344444444444444
403,3.988888888888889
404,2.6999999999999997
405,3.2222222222222223
406,2.411111111111111
407,3.0999999999999996
408,1.8777777777777775
409,3.0222222222222217
410,3.122222222222222
411,2.2888888888888888
412,1.2777777777777777
413,1.3777777777777778
414,1.422222222222222
415,2.1777777777777776
416,2.9000000000000004
417,2.522222222222222
418,2.011111111111111
419,2.0555555555555554
420,1.2
421,1.2666666666666666
422,0.6888888888888889
423,1.5222222222222221
424,2.3777777777777778
425,3.7666666666666666
426,5.1
427,4.644444444444444
428,4.344444444444445
429,4.366666666666666
430,3.633333333333333
431,3.1333333333333333
432,2.6666666666666665
433,2.4777777777777774
434,2.122222222222222
435,2.533333333333333
436,2.5222222222222226
437,2.4777777777777774
438,2.3333333333333335
439,2.466666666666667
440,2.1333333333333333
441,1.7333333333333334
442,1.6555555555555557
443,1.7111111111111112
444,1.6999999999999997
445,1.9444444444444444
446,2.4555555555555553
447,2.4111111111111105
448,3.622222222222222
449,2.766666666666666
450,3.688888888888888
451,3.422222222222222
452,2.6999999999999997
453,2.944444444444444
454,2.5666666666666664
455,2.466666666666667
456,2.8
457,2.6333333333333333
458,2.4666666666666663
459,1.9222222222222218
460,2.3999999999999995
461,2.7
462,2.922222222222222
463,2.8777777777777778
464,2.6888888888888887
465,2.722222222222222
466,3.0999999999999996
467,3.5
468,2.4777777777777774
469,3.611111111111111
470,2.888888888888889
471,3.411111111111111
472,3.1888888888888887
473,3.644444444444444
474,4.033333333333333
475,2.8777777777777778
476,4.588888888888889
477,3.7999999999999994
478,4.4111111111111105
479,4.677777777777778
480,3.311111111111111
481,4.922222222222221
482,3.011111111111111
483,3.4999999999999996
484,4.944444444444444
485,4.888888888888889
486,3.477777777777777
487,4.3
488,5.144444444444444
489,3.4444444444444446
490,4.3999999999999995
491,4.766666666666666
492,4.8999999999999995
493,4.8
494,4.988888888888888
495,4.311111111111111
496,3.888888888888889
497,5.022222222222222
498,4.3999999999999995
499,4.044444444444444
500,4.3888888888888875
501,4.122222222222222
502,4.833333333333333
503,4.355555555555554
504,4.155555555555555
505,3.7999999999999994
506,4.499999999999999
507,4.333333333333333
508,3.7888888888888883
509,4.655555555555555
510,4.944444444444444
511,5.266666666666667
512,4.833333333333332
513,4.466666666666665
514,4.166666666666666
515,5.199999999999999
516,3.6999999999999997
517,4.144444444444444
518,4.822222222222222
519,4.288888888888889
520,4.622222222222222
521,5.177777777777777
522,5.455555555555555
523,5.044444444444443
524,4.822222222222221
525,4.31111111111111
526,5.144444444444443
527,4.21111111111111
528,4.655555555555555
529,4.088888888888888
530,4.155555555555555
531,4.177777777777777
532,3.8444444444444437
533,4.533333333333333
534,3.7666666666666657
535,4.144444444444444
536,3.955555555555555
537,3.3666666666666663
538,4.144444444444443
539,3.755555555555555
540,3.288888888888889
541,3.2666666666666666
542,4.111111111111111
543,4.1
544,4.766666666666666
545,4.277777777777777
546,3.5555555555555554
547,3.488888888888888
548,3.7666666666666657
549,3.122222222222222
550,2.833333333333333
551,3.5111111111111106
552,2.844444444444444
553,3.1111111111111107
554,2.411111111111111
555,3.2888888888888888
556,3.566666666666666
557,4.0777777777777775
558,2.5999999999999996
559,3.4111111111111105
560,2.855555555555555
561,3.211111111111111
562,3.711111111111111
563,3.4777777777777774
564,3.1444444444444444
565,4.01111111111111
566,4.533333333333333
567,4.655555555555555
568,4.099999999999999
569,3.1777777777777776
570,4.2555555555555555
571,2.911111111111111
572,3.3666666666666663
573,3.555555555555555
574,3.3666666666666667
575,2.7666666666666666
576,3.244444444444444
577,2.644444444444444
578,2.844444444444444
579,3.1111111111111107
580,2.3444444444444437
581,2.4777777777777774
582,2.9555555555555553
583,2.855555555555555
584,1.3888888888888888
585,1.7999999999999998
586,2.4333333333333327
587,2.5888888888888886
588,1.8555555555555554
589,2.4555555555555553
590,3.222222222222222
591,2.255555555555555
592,2.0555555555555554
593,2.6111111111111107
594,2.1666666666666665
595,2.988888888888889
596,2.3888888888888884
597,3.366666666666666
598,3.4222222222222216
599,3.3555555555555556
600,2.9888888888888885
601,3.3777777777777773
602,2.933333333333333
603,4.344444444444444
604,3.3444444444444437
605,3.6999999999999997
606,3.9444444444444446
607,3.5777777777777775
608,3.533333333333333
609,3.5777777777777775
610,2.999999999999999
611,3.3999999999999995
612,2.8333333333333335
613,2.5999999999999996
614,2.7555555555555555
615,3.599999999999999
616,3.988888888888889
617,3.744444444444444
618,3.622222222222222
619,2.666666666666666
620,3.6555555555555554
621,4.388888888888888
622,4.222222222222222
623,4.422222222222222
624,6.433333333333333
625,5.133333333333332
626,5.455555555555555
627,3.933333333333333
628,4.844444444444444
629,3.499999999999999
630,3.7888888888888883
631,3.9111111111111105
632,2.3555555555555556
633,2.488888888888889
634,1.7999999999999996
635,1.8888888888888884
636,1.6666666666666665
637,2.066666666666667
638,1.7999999999999998
639,3.2888888888888888
640,2.511111111111111
641,3.477777777777777
642,3.611111111111111
643,4.611111111111111
644,4.677777777777777
645,4.888888888888888
646,3.922222222222222
647,2.966666666666667
648,3.0777777777777775
649,3.1999999999999997
650,3.066666666666667
651,3.4666666666666663
652,3.5777777777777775
653,4.099999999999999
654,4.044444444444443
655,2.8000000000000003
656,3.7222222222222214
657,3.4333333333333327
658,3.866666666666667
659,3.7222222222222223
660,2.533333333333333
661,3.144444444444444
662,2.7666666666666666
663,3.4111111111111105
664,4.044444444444444
665,4.688888888888887
666,4.0777777777777775
667,4.5777777777777775
668,4.122222222222222
669,3.955555555555555
670,3.9666666666666663
671,4.322222222222221
672,3.244444444444444
673,2.733333333333333
674,3.122222222222222
675,3.188888888888888
676,2.2111111111111112
677,3.1555555555555554
678,2.1555555555555554
679,2.611111111111111
680,2.9666666666666663
681,2.733333333333333
682,3.7777777777777777
683,2.0
684,3.155555555555555
685,3.0999999999999996
686,2.7777777777777777
687,2.422222222222222
688,1.9222222222222218
689,2.8777777777777778
690,2.7777777777777772
691,3.5
692,3.1999999999999997
693,3.3666666666666663
694,3.9111111111111105
695,4.5777777777777775
696,4.433333333333333
697,4.088888888888889
698,3.777777777777777
699,2.6444444444444444
700,2.755555555555555
701,3.5555555555555554
702,3.4555555555555553
703,3.599999999999999
704,3.2444444444444445
705,3.622222222222222
706,4.011111111111111
707,3.233333333333333
708,3.3333333333333326
709,3.6666666666666665
710,3.0777777777777775
711,3.622222222222222
712,2.0999999999999996
713,3.0111111111111106
714,3.0444444444444443
715,2.7888888888888883
716,2.566666666666667
717,2.4777777777777774
718,2.833333333333333
719,2.0777777777777775
720,2.1777777777777776
721,1.9333333333333327
722,2.122222222222222
723,2.033333333333333
724,1.6777777777777778
725,1.3666666666666665
726,1.822222222222222
727,1.4444444444444442
728,0.9777777777777776
729,1.0666666666666669
730,1.011111111111111
731,1.1777777777777778
732,1.4666666666666666
733,1.8555555555555554
734,1.5222222222222224
735,2.8888888888888884
736,2.8111111111111113
737,3.355555555555555
738,3.033333333333333
739,3.033333333333333
740,3.1777777777777776
741,2.7999999999999994
742,2.2222222222222223
743,2.344444444444444
744,2.211111111111111
745,1.6555555555555557
746,1.1444444444444444
747,1.5555555555555558
748,1.311111111111111
749,1.7777777777777777
750,1.4
751,1.411111111111111
752,1.344444444444444
753,1.8111111111111111
754,1.4666666666666666
755,2.1555555555555554
756,2.2
757,2.2222222222222223
758,2.9333333333333327
759,2.5777777777777775
760,2.566666666666667
761,2.2222222222222223
762,2.855555555555555
763,1.8777777777777775
764,1.9333333333333331
765,2.111111111111111
766,1.9888888888888887
767,1.9888888888888887
768,2.633333333333333
769,2.5
770,2.722222222222222
771,1.4555555555555555
772,2.033333333333333
773,1.5888888888888888
774,1.6222222222222222
775,1.7777777777777777
776,1.6888888888888887
777,1.9888888888888887
778,1.4666666666666663
779,1.6333333333333333
780,1.7888888888888888
781,2.2444444444444445
782,2.522222222222222
783,2.1333333333333333
784,3.122222222222222
785,2.4111111111111105
786,2.9
787,4.144444444444444
788,3.455555555555555
789,4.366666666666666
790,4.199999999999999
791,4.777777777777777
792,4.499999999999999
793,4.599999999999999
794,4.966666666666666
795,4.988888888888889
796,5.444444444444444
797,5.5
798,5.288888888888888
799,5.855555555555554
800,3.244444444444444
801,5.111111111111111
802,4.288888888888888
803,5.022222222222222
804,5.2555555555555555
805,5.277777777777777
806,5.71111111111111
807,4.877777777777776
808,4.522222222222222
809,5.655555555555555
810,4.877777777777776
811,3.9111111111111114
812,4.322222222222221
813,4.51111111111111
814,4.699999999999999
815,3.7999999999999994
816,5.322222222222222
817,4.722222222222222
818,3.3444444444444437
819,3.888888888888889
820,4.755555555555555
821,4.066666666666666
822,4.444444444444445
823,4.644444444444444
824,3.2999999999999994
825,4.566666666666666
826,3.7666666666666666
827,2.7999999999999994
828,4.499999999999999
829,4.022222222222222
830,4.033333333333333
831,4.866666666666666
832,3.599999999999999
833,3.9111111111111105
834,4.41111111111111
835,3.566666666666666
836,3.1999999999999993
837,2.022222222222222
838,1.5333333333333332
839,1.7000000000000002
840,2.3333333333333335
841,2.388888888888889
842,3.433333333333333
843,3.666666666666666
844,3.2444444444444445
845,4.433333333333334
846,3.3666666666666663
847,4.455555555555555
848,4.2333333333333325
849,2.8999999999999995
850,2.4444444444444446
851,3.7111111111111104
852,2.5222222222222217
853,2.0
854,1.8555555555555554
855,1.1888888888888889
856,1.2666666666666666
857,1.0333333333333334
858,0.8444444444444444
859,0.8666666666666667
860,1.8999999999999997
861,2.5444444444444443
862,2.655555555555555
863,2.3666666666666663
864,2.2777777777777777
865,1.6444444444444442
866,2.5666666666666664
867,1.3777777777777775
868,1.4
869,2.1444444444444444
870,1.8666666666666667
871,1.844444444444444
872,1.2777777777777777
873,1.4555555555555553
874,1.3999999999999997
875,1.4888888888888887
876,1.7888888888888888
877,1.4
878,1.5333333333333332
879,0.9888888888888889
880,0.9444444444444444
881,0.8777777777777778
882,0.6777777777777777
883,0.8888888888888888
884,1.0555555555555556
885,1.3777777777777775
886,1.3333333333333333
887,1.7444444444444445
888,2.1555555555555554
889,1.6444444444444444
890,1.7666666666666666
891,1.5
892,1.6666666666666667
893,1.7999999999999998
894,1.7666666666666666
895,1.5666666666666669
896,1.2444444444444445
897,1.0666666666666667
898,1.3666666666666665
899,1.3
900,1.9444444444444444
901,1.8999999999999997
902,1.7666666666666666
903,1.3555555555555554
904,1.7555555555555555
905,2.0222222222222217
906,1.2666666666666666
907,2.2333333333333334
908,1.8444444444444446
909,2.7222222222222223
910,1.6333333333333333
911,1.6444444444444444
912,1.7222222222222223
913,2.0777777777777775
914,1.2222222222222223
915,2.4
916,1.9666666666666666
917,1.9222222222222218
918,1.711111111111111
919,1.4666666666666668
920,1.1666666666666667
921,1.7555555555555555
922,2.3666666666666663
923,3.022222222222222
924,4.222222222222221
925,5.855555555555554
926,6.388888888888888
927,5.555555555555555
928,4.966666666666667
929,5.722222222222221
930,4.655555555555555
931,3.955555555555555
932,3.6555555555555554
933,3.855555555555555
934,3.9111111111111105
935,3.144444444444444
936,3.233333333333333
937,3.5888888888888886
938,3.6555555555555554
939,3.0111111111111106
940,4.0
941,3.755555555555555
942,4.255555555555555
943,2.5444444444444443
944,3.5888888888888886
945,2.544444444444444
946,2.6222222222222222
947,2.2222222222222223
948,1.7
949,1.788888888888889
950,1.5222222222222224
951,1.4444444444444444
952,2.2777777777777777
953,2.011111111111111
954,2.9777777777777774
955,2.8444444444444437
956,3.0111111111111106
957,3.277777777777777
958,2.0
959,2.588888888888889
960,3.522222222222222
961,3.4777777777777774
962,3.0444444444444434
963,4.522222222222221
964,3.3777777777777778
965,3.433333333333333
966,3.3666666666666663
967,3.166666666666666
968,3.488888888888888
969,2.488888888888889
970,2.388888888888889
971,2.5888888888888886
972,2.388888888888889
973,2.2888888888888888
974,2.922222222222222
975,2.211111111111111
976,2.4555555555555553
977,2.5888888888888886
978,2.1888888888888887
979,1.5333333333333332
980,1.9666666666666666
981,1.4666666666666666
982,1.422222222222222
983,0.911111111111111
984,1.5444444444444443
985,1.4
986,1.2666666666666666
987,1.3666666666666667
988,1.3222222222222222
989,1.622222222222222
990,2.0
991,1.7888888888888888
992,2.488888888888889
993,2.7888888888888888
994,1.8555555555555554
995,2.766666666666666
996,2.2
997,2.0555555555555554
998,1.7777777777777777
999,1.9666666666666666
1000,1.4666666666666668
1001,1.3666666666666665
1002,1.422222222222222
1003,1.422222222222222
1004,1.6222222222222222
1005,1.2888888888888888
1006,0.9444444444444444
1007,1.3888888888888884
1008,1.7999999999999998
1009,1.3888888888888888
1010,1.6444444444444446
1011,2.2777777777777772
1012,2.022222222222222
1013,2.7111111111111104
1014,2.322222222222222
1015,2.344444444444444
1016,2.3444444444444437
1017,2.444444444444444
1018,1.8555555555555552
1019,2.311111111111111
1020,2.255555555555555
1021,1.6666666666666667
1022,2.5222222222222217
1023,2.5555555555555554
1024,2.2777777777777772
1025,2.688888888888888
1026,2.5
1027,1.811111111111111
1028,1.6666666666666665
1029,1.9666666666666661
1030,1.7666666666666666
1031,1.5
1032,2.211111111111111
1033,1.6777777777777778
1034,1.7222222222222223
1035,1.7333333333333334
1036,1.422222222222222
1037,1.3666666666666667
1038,1.1222222222222222
1039,1.4999999999999998
1040,0.8555555555555555
1041,1.0888888888888888
1042,0.911111111111111
1043,1.3777777777777778
1044,1.3222222222222222
1045,3.0
1046,2.2666666666666666
1047,1.3222222222222222
1048,1.5333333333333332
1049,1.8333333333333333
1050,2.2777777777777772
1051,2.4222222222222225
1052,3.066666666666667
1053,2.4
1054,2.6999999999999997
1055,3.0222222222222217
1056,2.4555555555555553
1057,2.0999999999999996
1058,3.2777777777777772
1059,3.0222222222222226
1060,2.6777777777777776
1061,2.7222222222222223
1062,2.6888888888888887
1063,2.8888888888888884
1064,3.0777777777777775
1065,3.6222222222222222
1066,4.466666666666666
1067,3.688888888888888
1068,3.811111111111111
1069,4.044444444444443
1070,4.5777777777777775
1071,2.711111111111111
1072,5.366666666666665
1073,4.833333333333332
1074,3.9111111111111105
1075,5.688888888888889
1076,4.044444444444443
1077,3.422222222222222
1078,4.033333333333333
1079,4.388888888888888
1080,4.2555555555555555
1081,4.455555555555555
1082,5.811111111111111
1083,6.244444444444444
1084,6.066666666666666
1085,6.055555555555554
1086,4.611111111111111
1087,6.199999999999999
1088,4.722222222222222
1089,4.777777777777777
1090,6.077777777777777
1091,6.333333333333333
1092,5.9111111111111105
1093,5.377777777777777
1094,5.499999999999999
1095,3.511111111111111
1096,4.488888888888888
1097,5.322222222222222
1098,5.033333333333333
1099,4.766666666666667
1100,3.5888888888888877
1101,4.477777777777777
1102,3.4333333333333327
1103,2.855555555555555
1104,2.5666666666666664
1105,2.9222222222222216
1106,2.411111111111111
1107,2.533333333333333
1108,2.0999999999999996
1109,1.9666666666666666
1110,1.822222222222222
1111,1.4555555555555555
1112,1.4999999999999998
1113,1.0555555555555556
1114,1.3666666666666665
1115,1.1555555555555554
1116,1.7000000000000002
1117,2.522222222222222
1118,2.644444444444444
1119,2.6666666666666665
1120,2.9666666666666663
1121,3.066666666666666
1122,2.3777777777777778
1123,3.433333333333333
1124,3.0666666666666664
1125,3.8777777777777778
1126,4.277777777777777
1127,3.744444444444444
1128,4.133333333333333
1129,3.8444444444444437
1130,4.344444444444445
1131,5.21111111111111
1132,5.499999999999999
1133,4.055555555555555
1134,5.566666666666666
1135,4.222222222222222
1136,5.322222222222222
1137,4.599999999999999
1138,3.411111111111111
1139,4.322222222222221
1140,3.9444444444444446
1141,3.633333333333333
1142,3.633333333333333
1143,3.855555555555555
1144,4.344444444444444
1145,4.144444444444444
1146,3.744444444444445
1147,3.7333333333333334
1148,3.4111111111111105
1149,2.388888888888889
1150,2.5222222222222217
1151,2.6777777777777776
1152,3.1999999999999997
1153,2.6666666666666665
1154,1.9888888888888887
1155,1.7555555555555555
1156,2.3333333333333335
1157,1.7555555555555555
1158,2.3222222222222215
1159,1.7666666666666666
1160,1.8555555555555554
1161,1.6444444444444446
1162,1.7888888888888888
1163,1.3555555555555554
1164,1.4777777777777776
1165,2.1444444444444444
1166,1.5777777777777777
1167,1.9444444444444444
1168,1.6888888888888889
1169,1.711111111111111
1170,1.6888888888888889
1171,1.3666666666666665
1172,1.6444444444444444
1173,0.7999999999999999
1174,1.1333333333333333
1175,1.1555555555555557
1176,1.6222222222222225
1177,1.4444444444444444
1178,1.7444444444444445
1179,0.7333333333333333
1180,1.2000000000000002
1181,2.2666666666666666
1182,2.3666666666666663
1183,2.4888888888888885
1184,2.111111111111111
1185,1.5222222222222221
1186,2.022222222222222
1187,2.3111111111111113
1188,2.388888888888889
1189,3.511111111111111
1190,3.0999999999999996
1191,4.688888888888889
1192,3.555555555555555
1193,2.422222222222222
1194,2.433333333333333
1195,2.755555555555555
1196,3.255555555555555
1197,2.5999999999999996
1198,2.755555555555555
1199,2.111111111111111
1200,3.088888888888888
1201,2.633333333333333
1202,2.7888888888888888
1203,1.9444444444444444
1204,2.2666666666666666
1205,1.9666666666666666
1206,2.433333333333333
1207,2.033333333333333
1208,2.688888888888888
1209,1.5444444444444443
1210,2.1777777777777776
1211,2.8444444444444437
1212,2.5999999999999996
1213,2.9444444444444446
1214,3.355555555555555
1215,2.4
1216,3.1555555555555546
1217,2.3777777777777778
1218,2.633333333333333
1219,3.755555555555555
1220,2.4666666666666663
1221,3.455555555555555
1222,2.5888888888888886
1223,2.9444444444444446
1224,1.9888888888888887
1225,2.5999999999999996
1226,1.6999999999999997
1227,1.0444444444444443
1228,1.088888888888889
1229,1.6222222222222222
1230,1.7444444444444445
1231,1.0777777777777777
1232,1.1888888888888889
1233,1.633333333333333
1234,1.6777777777777776
1235,1.511111111111111
1236,3.0444444444444443
1237,2.111111111111111
1238,3.5555555555555554
1239,4.588888888888888
1240,4.766666666666667
1241,3.6999999999999997
1242,2.966666666666667
1243,3.411111111111111
1244,2.633333333333333
1245,4.655555555555555
1246,4.033333333333333
1247,3.022222222222222
1248,1.7333333333333332
1249,1.688888888888889
1250,2.1777777777777776
1251,2.0888888888888886
1252,2.4999999999999996
1253,1.6444444444444444
1254,1.5222222222222221
1255,1.911111111111111
1256,1.911111111111111
1257,2.7666666666666666
1258,2.8333333333333335
1259,3.488888888888889
1260,3.566666666666666
1261,3.8444444444444437
1262,4.144444444444444
1263,4.133333333333334
1264,4.7555555555555555
1265,3.2555555555555555
1266,4.333333333333332
1267,2.5666666666666664
1268,3.5111111111111106
1269,5.366666666666666
1270,4.877777777777776
1271,5.344444444444444
1272,6.088888888888889
1273,6.1
1274,6.088888888888889
1275,4.81111111111111
1276,5.144444444444443
1277,4.588888888888889
1278,5.099999999999999
1279,5.088888888888889
1280,5.0777777777777775
1281,4.955555555555555
1282,3.3444444444444437
1283,3.988888888888889
1284,4.01111111111111
1285,4.066666666666666
1286,4.622222222222222
1287,3.8444444444444437
1288,4.5
1289,3.3666666666666663
1290,5.2333333333333325
1291,3.3888888888888884
1292,5.622222222222222
1293,5.644444444444443
1294,4.955555555555555
1295,5.7555555555555555
1296,5.755555555555555
1297,5.855555555555556
1298,5.655555555555555
1299,4.888888888888888
1300,5.488888888888888
1301,5.255555555555555
1302,4.5555555555555545
1303,5.51111111111111
1304,3.855555555555555
1305,5.244444444444444
1306,4.699999999999999
1307,6.233333333333332
1308,8.288888888888888
1309,8.222222222222221
1310,6.377777777777776
1311,5.788888888888888
1312,6.044444444444443
1313,6.988888888888888
1314,6.133333333333334
1315,6.533333333333333
1316,7.544444444444443
1317,7.8666666666666645
1318,8.733333333333333
1319,8.288888888888888
1320,7.655555555555553
1321,7.111111111111111
1322,6.488888888888888
1323,8.466666666666665
1324,8.011111111111111
1325,6.877777777777776
1326,5.344444444444443
1327,6.566666666666666
1328,6.299999999999999
1329,5.344444444444444
1330,6.611111111111111
1331,6.277777777777778
1332,4.188888888888888
1333,5.822222222222221
1334,4.81111111111111
1335,5.466666666666667
1336,5.211111111111111
1337,4.111111111111111
1338,3.8444444444444437
1339,4.688888888888888
1340,4.2555555555555555
1341,3.2888888888888888
1342,2.9555555555555553
1343,3.177777777777778
1344,1.9222222222222223
1345,1.6333333333333333
1346,1.4444444444444444
1347,1.9999999999999996
1348,1.7444444444444442
1349,1.8555555555555552
1350,1.6333333333333335
1351,1.8888888888888888
1352,1.422222222222222
1353,1.8333333333333333
1354,1.7666666666666666
1355,1.8999999999999997
1356,2.233333333333333
1357,2.922222222222222
1358,2.3444444444444446
1359,2.477777777777778
1360,3.033333333333333
1361,3.311111111111111
1362,2.955555555555555
1363,2.9999999999999996
1364,2.344444444444444
1365,1.8666666666666663
1366,1.6777777777777778
1367,1.511111111111111
1368,2.1777777777777776
1369,2.3
1370,2.511111111111111
1371,2.744444444444444
1372,2.011111111111111
1373,2.6333333333333333
1374,1.2999999999999998
1375,1.5555555555555556
1376,1.6666666666666665
1377,2.1333333333333333
1378,2.2444444444444445
1379,2.433333333333333
1380,1.9333333333333331
1381,2.5444444444444443
1382,2.811111111111111
1383,3.455555555555555
1384,2.5444444444444443
1385,3.4666666666666663
1386,3.8333333333333335
1387,3.344444444444444
1388,4.055555555555555
1389,3.5222222222222217
1390,3.644444444444444
1391,3.6111111111111103
1392,3.255555555555555
1393,3.1111111111111103
1394,4.488888888888888
1395,3.355555555555555
1396,2.5888888888888886
1397,3.6333333333333337
1398,3.3777777777777773
1399,3.011111111111111
1400,3.7666666666666657
1401,3.4
1402,3.611111111111111
1403,3.011111111111111
1404,2.911111111111111
1405,3.9666666666666655
1406,3.7111111111111104
1407,4.6
1408,4.5
1409,4.199999999999999
1410,2.9999999999999996
1411,2.988888888888889
1412,4.522222222222222
1413,3.711111111111111
1414,2.4555555555555553
1415,3.0777777777777775
1416,2.855555555555555
1417,3.3888888888888884
1418,3.4
1419,2.6999999999999997
1420,2.6999999999999997
1421,2.488888888888889
1422,2.811111111111111
1423,2.9
1424,2.4777777777777774
1425,3.1999999999999993
1426,3.0777777777777775
1427,3.3777777777777778
1428,3.3777777777777773
1429,2.588888888888888
1430,3.0777777777777775
1431,2.822222222222222
1432,3.3333333333333326
1433,3.644444444444444
1434,3.544444444444444
1435,2.866666666666666
1436,2.7111111111111104
1437,2.0999999999999996
1438,2.122222222222222
1439,2.111111111111111
1440,2.988888888888889
1441,3.4777777777777774
1442,2.6999999999999997
1443,4.066666666666666
1444,2.9666666666666663
1445,3.411111111111111
1446,3.2666666666666666
1447,2.955555555555555
1448,3.744444444444444
1449,3.322222222222222
1450,2.6111111111111107
1451,2.5666666666666664
1452,3.455555555555555
1453,3.2777777777777772
1454,2.944444444444444
1455,3.488888888888889
1456,2.677777777777777
1457,2.1888888888888887
1458,2.6666666666666665
1459,2.455555555555555
