,0
0,6.044444444444443
1,5.7555555555555555
2,5.355555555555554
3,4.688888888888887
4,4.222222222222222
5,3.9111111111111105
6,3.755555555555555
7,3.8333333333333335
8,3.3777777777777773
9,3.2222222222222223
10,3.133333333333333
11,3.344444444444444
12,3.433333333333333
13,3.622222222222222
14,3.666666666666666
15,3.411111111111111
16,3.322222222222222
17,3.122222222222222
18,2.944444444444444
19,2.5777777777777775
20,2.3222222222222224
21,2.488888888888889
22,2.333333333333333
23,2.488888888888889
24,2.4444444444444446
25,2.2888888888888888
26,2.211111111111111
27,2.2
28,2.2
29,2.0444444444444443
30,1.8777777777777775
31,1.6555555555555554
32,1.5666666666666667
33,1.4777777777777776
34,1.6333333333333333
35,1.6777777777777778
36,1.8888888888888888
37,2.1666666666666665
38,2.5
39,2.255555555555555
40,2.422222222222222
41,2.6666666666666665
42,2.9999999999999996
43,3.2222222222222223
44,3.3888888888888884
45,3.5444444444444443
46,3.444444444444444
47,3.0888888888888886
48,2.577777777777778
49,2.1444444444444444
50,2.0888888888888886
51,2.322222222222222
52,2.733333333333333
53,3.3
54,3.5444444444444434
55,3.644444444444444
56,3.511111111111111
57,3.444444444444444
58,3.4666666666666663
59,3.8333333333333326
60,3.9111111111111105
61,3.466666666666667
62,3.011111111111111
63,2.811111111111111
64,2.5999999999999996
65,2.588888888888889
66,2.5555555555555554
67,2.3666666666666663
68,1.9777777777777774
69,1.4222222222222223
70,1.344444444444444
71,1.4555555555555555
72,1.5777777777777777
73,1.677777777777778
74,1.7444444444444445
75,1.5777777777777777
76,1.6777777777777778
77,1.788888888888889
78,1.9666666666666666
79,2.1555555555555554
80,2.2666666666666666
81,2.4555555555555557
82,2.5888888888888886
83,2.644444444444444
84,2.922222222222222
85,3.355555555555555
86,3.755555555555555
87,3.8666666666666663
88,4.155555555555555
89,4.555555555555555
90,4.955555555555555
91,4.8999999999999995
92,4.811111111111111
93,4.444444444444445
94,4.3999999999999995
95,4.711111111111111
96,4.655555555555555
97,4.288888888888888
98,4.266666666666667
99,4.422222222222221
100,4.599999999999999
101,4.955555555555555
102,5.477777777777778
103,5.688888888888887
104,5.933333333333334
105,5.788888888888888
106,5.655555555555555
107,5.766666666666666
108,6.044444444444443
109,6.088888888888888
110,5.922222222222222
111,4.588888888888889
112,5.455555555555555
113,5.71111111111111
114,5.3
115,4.5777777777777775
116,4.222222222222221
117,4.155555555555555
118,4.333333333333332
119,4.655555555555555
120,4.844444444444444
121,5.099999999999999
122,5.455555555555555
123,5.388888888888888
124,5.366666666666666
125,5.199999999999999
126,6.077777777777777
127,6.311111111111111
128,6.488888888888887
129,6.588888888888889
130,6.577777777777778
131,6.444444444444444
132,6.266666666666666
133,6.199999999999999
134,6.311111111111111
135,6.288888888888888
136,6.122222222222222
137,5.844444444444444
138,5.41111111111111
139,5.122222222222221
140,4.9111111111111105
141,4.8
142,4.744444444444444
143,4.333333333333332
144,3.9777777777777774
145,3.7666666666666666
146,3.7222222222222223
147,3.6666666666666665
148,3.522222222222222
149,3.3111111111111113
150,3.0777777777777775
151,3.088888888888889
152,2.9666666666666663
153,2.988888888888889
154,3.011111111111111
155,3.0666666666666664
156,3.2777777777777777
157,3.4
158,3.455555555555555
159,3.4999999999999996
160,3.5111111111111106
161,3.444444444444444
162,3.4222222222222225
163,3.5222222222222213
164,3.566666666666666
165,3.4666666666666663
166,3.444444444444444
167,3.511111111111111
168,3.7666666666666657
169,3.955555555555555
170,3.933333333333333
171,3.7888888888888883
172,3.8999999999999995
173,3.9333333333333322
174,3.9111111111111105
175,3.9666666666666663
176,3.9111111111111105
177,3.6666666666666665
178,3.8333333333333335
179,4.01111111111111
180,4.188888888888889
181,4.366666666666666
182,4.611111111111111
183,5.2333333333333325
184,5.444444444444444
185,5.366666666666666
186,5.377777777777776
187,5.455555555555555
188,5.522222222222221
189,5.622222222222222
190,5.477777777777778
191,5.177777777777777
192,5.122222222222222
193,5.288888888888888
194,5.433333333333333
195,5.611111111111111
196,5.499999999999999
197,5.455555555555555
198,5.3999999999999995
199,5.388888888888888
200,5.422222222222221
201,5.422222222222222
202,5.599999999999999
203,5.599999999999999
204,5.5555555555555545
205,5.466666666666666
206,5.188888888888887
207,5.322222222222221
208,5.01111111111111
209,4.744444444444444
210,4.455555555555556
211,4.033333333333333
212,3.711111111111111
213,3.7666666666666657
214,3.933333333333333
215,4.122222222222223
216,4.188888888888888
217,4.111111111111111
218,4.022222222222222
219,3.988888888888889
220,3.9444444444444438
221,3.933333333333333
222,4.0
223,4.044444444444444
224,4.0777777777777775
225,3.988888888888888
226,3.8444444444444437
227,3.7666666666666657
228,3.7777777777777777
229,3.8444444444444446
230,3.7222222222222214
231,3.233333333333333
232,3.1999999999999997
233,3.3777777777777773
234,3.3888888888888884
235,3.4777777777777774
236,3.622222222222222
237,3.9666666666666663
238,4.344444444444444
239,4.6
240,4.7555555555555555
241,4.877777777777776
242,5.033333333333333
243,4.933333333333334
244,5.199999999999999
245,5.322222222222221
246,5.644444444444443
247,5.966666666666665
248,6.122222222222223
249,6.3999999999999995
250,6.677777777777777
251,6.91111111111111
252,7.055555555555554
253,7.211111111111112
254,7.244444444444444
255,6.433333333333333
256,6.344444444444444
257,6.444444444444443
258,6.388888888888889
259,6.288888888888888
260,6.222222222222221
261,6.088888888888889
262,6.066666666666666
263,6.311111111111111
264,6.766666666666666
265,7.088888888888889
266,7.033333333333333
267,7.111111111111111
268,6.855555555555555
269,6.766666666666666
270,6.577777777777777
271,6.2555555555555555
272,5.91111111111111
273,5.688888888888887
274,5.466666666666667
275,5.366666666666666
276,5.288888888888888
277,4.999999999999999
278,4.91111111111111
279,5.188888888888888
280,5.311111111111111
281,5.388888888888888
282,5.31111111111111
283,5.077777777777778
284,4.81111111111111
285,4.633333333333332
286,4.466666666666666
287,4.344444444444444
288,4.2222222222222205
289,4.088888888888889
290,3.999999999999999
291,3.3777777777777778
292,3.3333333333333326
293,3.166666666666666
294,3.0111111111111106
295,2.5444444444444443
296,2.1111111111111107
297,1.8111111111111111
298,1.6777777777777778
299,1.6777777777777776
300,2.0222222222222217
301,2.522222222222222
302,2.988888888888889
303,2.9
304,3.1999999999999997
305,3.4111111111111105
306,3.444444444444444
307,3.3777777777777773
308,3.2666666666666666
309,3.3666666666666663
310,3.444444444444444
311,3.411111111111111
312,3.422222222222222
313,3.455555555555555
314,3.5555555555555554
315,3.711111111111111
316,3.711111111111111
317,3.633333333333333
318,3.5777777777777775
319,3.5222222222222217
320,3.4
321,3.1777777777777776
322,2.966666666666667
323,2.9999999999999996
324,3.2777777777777772
325,3.4111111111111105
326,3.344444444444444
327,2.733333333333333
328,3.011111111111111
329,3.011111111111111
330,2.6555555555555554
331,2.211111111111111
332,1.7
333,1.411111111111111
334,1.5111111111111108
335,1.4666666666666666
336,1.344444444444444
337,1.2888888888888888
338,1.1444444444444444
339,0.8666666666666666
340,0.9555555555555555
341,0.9888888888888889
342,0.8999999999999999
343,0.7444444444444444
344,0.8
345,0.9999999999999998
346,1.4333333333333331
347,1.7666666666666666
348,2.0444444444444443
349,2.177777777777778
350,2.0999999999999996
351,2.0777777777777775
352,2.2444444444444445
353,2.211111111111111
354,1.8999999999999997
355,1.5222222222222221
356,1.3
357,1.2444444444444445
358,1.2
359,1.0666666666666667
360,0.8999999999999999
361,0.7333333333333333
362,0.6333333333333333
363,0.8333333333333333
364,0.7555555555555554
365,0.6222222222222222
366,0.6444444444444444
367,0.9444444444444442
368,1.2333333333333334
369,1.4555555555555555
370,1.5555555555555556
371,1.7111111111111112
372,2.0777777777777775
373,2.4777777777777774
374,2.6999999999999997
375,2.2
376,2.511111111111111
377,2.711111111111111
378,2.866666666666666
379,2.955555555555555
380,2.666666666666666
381,2.1111111111111107
382,1.911111111111111
383,2.0
384,2.1666666666666665
385,2.2777777777777777
386,2.2222222222222223
387,2.122222222222222
388,1.9111111111111105
389,1.9666666666666666
390,2.1555555555555554
391,2.3888888888888884
392,2.5
393,2.422222222222222
394,2.9777777777777774
395,3.8777777777777778
396,3.6555555555555546
397,4.355555555555554
398,4.811111111111111
399,4.688888888888887
400,4.699999999999999
401,4.588888888888889
402,4.522222222222222
403,4.266666666666666
404,3.9666666666666663
405,3.7111111111111104
406,3.499999999999999
407,3.333333333333333
408,3.2777777777777772
409,3.2888888888888883
410,3.244444444444444
411,2.7888888888888888
412,2.122222222222222
413,1.622222222222222
414,1.8333333333333333
415,2.4444444444444446
416,2.9777777777777774
417,2.811111111111111
418,2.688888888888888
419,2.311111111111111
420,1.833333333333333
421,1.5111111111111108
422,1.011111111111111
423,2.188888888888888
424,3.3777777777777778
425,4.344444444444444
426,5.288888888888888
427,5.433333333333334
428,4.8999999999999995
429,4.366666666666666
430,3.877777777777777
431,3.7666666666666666
432,3.711111111111111
433,3.4666666666666663
434,3.0777777777777775
435,2.944444444444444
436,2.944444444444444
437,2.9888888888888885
438,2.933333333333333
439,2.566666666666667
440,2.3
441,2.1555555555555554
442,2.0999999999999996
443,2.255555555555555
444,2.633333333333333
445,2.9
446,3.2888888888888888
447,3.688888888888888
448,3.755555555555555
449,3.8444444444444437
450,3.7666666666666657
451,3.5999999999999996
452,3.5222222222222217
453,3.2999999999999994
454,3.188888888888888
455,3.2111111111111104
456,3.266666666666666
457,3.3444444444444437
458,3.333333333333333
459,2.7999999999999994
460,2.922222222222222
461,3.0777777777777775
462,3.244444444444444
463,3.388888888888888
464,3.5888888888888886
465,3.677777777777777
466,3.9111111111111105
467,4.055555555555555
468,4.2333333333333325
469,4.144444444444444
470,4.033333333333333
471,3.822222222222221
472,3.922222222222222
473,4.066666666666666
474,4.277777777777777
475,4.4
476,4.344444444444444
477,4.488888888888888
478,4.611111111111111
479,4.5777777777777775
480,4.699999999999999
481,4.7555555555555555
482,4.711111111111111
483,4.633333333333333
484,4.655555555555555
485,4.8
486,4.977777777777778
487,5.088888888888888
488,5.188888888888888
489,5.300000000000001
490,5.544444444444443
491,5.811111111111111
492,5.822222222222221
493,5.699999999999999
494,5.566666666666666
495,5.466666666666665
496,5.466666666666666
497,5.444444444444444
498,5.377777777777776
499,5.4111111111111105
500,5.377777777777777
501,5.155555555555555
502,5.0555555555555545
503,4.9111111111111105
504,4.877777777777777
505,5.01111111111111
506,5.2222222222222205
507,4.855555555555555
508,4.866666666666666
509,5.066666666666666
510,5.244444444444444
511,5.366666666666665
512,5.477777777777778
513,5.444444444444445
514,5.544444444444444
515,5.666666666666665
516,5.677777777777777
517,5.622222222222222
518,5.599999999999999
519,5.599999999999999
520,5.477777777777777
521,5.433333333333333
522,5.366666666666666
523,5.222222222222222
524,5.044444444444443
525,5.0
526,5.033333333333333
527,5.033333333333333
528,4.922222222222222
529,4.722222222222221
530,4.488888888888889
531,4.599999999999999
532,4.622222222222221
533,4.611111111111111
534,4.522222222222221
535,4.433333333333334
536,4.333333333333332
537,4.222222222222221
538,4.233333333333333
539,4.266666666666666
540,4.277777777777776
541,4.422222222222221
542,4.566666666666666
543,4.711111111111111
544,4.722222222222221
545,4.5
546,4.355555555555556
547,4.188888888888889
548,3.8666666666666663
549,3.688888888888888
550,3.6555555555555554
551,3.555555555555555
552,3.5555555555555554
553,3.4666666666666663
554,3.4444444444444446
555,4.0555555555555545
556,4.088888888888889
557,4.066666666666666
558,3.888888888888889
559,3.666666666666666
560,3.6333333333333337
561,3.7222222222222223
562,4.022222222222222
563,4.266666666666666
564,4.444444444444445
565,4.455555555555555
566,4.344444444444444
567,4.61111111111111
568,4.522222222222221
569,4.422222222222222
570,4.066666666666666
571,3.788888888888889
572,3.622222222222222
573,3.622222222222222
574,3.711111111111111
575,3.711111111111111
576,3.6555555555555554
577,3.5888888888888886
578,3.577777777777778
579,3.311111111111111
580,3.222222222222222
581,3.2222222222222223
582,3.1444444444444444
583,2.933333333333333
584,2.7777777777777777
585,2.6777777777777776
586,2.711111111111111
587,2.6444444444444444
588,2.6555555555555554
589,2.8999999999999995
590,3.0999999999999996
591,2.844444444444444
592,2.9888888888888885
593,3.122222222222222
594,3.255555555555555
595,3.0999999999999996
596,3.166666666666666
597,3.4222222222222216
598,3.611111111111111
599,3.888888888888889
600,4.188888888888888
601,4.255555555555555
602,4.277777777777777
603,4.277777777777777
604,4.588888888888889
605,4.8
606,4.866666666666666
607,4.7555555555555555
608,4.355555555555555
609,3.933333333333333
610,3.644444444444444
611,3.3777777777777773
612,3.0222222222222226
613,3.211111111111111
614,3.4555555555555553
615,3.7555555555555546
616,3.8999999999999995
617,4.088888888888889
618,4.222222222222221
619,4.3999999999999995
620,4.677777777777777
621,4.588888888888889
622,4.944444444444444
623,5.61111111111111
624,6.133333333333333
625,6.133333333333332
626,5.5777777777777775
627,5.444444444444445
628,5.455555555555554
629,5.0
630,4.455555555555555
631,4.133333333333333
632,3.477777777777778
633,2.7222222222222223
634,2.488888888888889
635,2.355555555555555
636,2.1999999999999997
637,1.9888888888888892
638,1.822222222222222
639,3.0666666666666664
640,3.677777777777778
641,4.2
642,4.333333333333332
643,4.566666666666666
644,4.688888888888888
645,4.655555555555555
646,4.466666666666666
647,4.0555555555555545
648,3.777777777777777
649,3.5888888888888886
650,3.633333333333333
651,4.055555555555555
652,4.144444444444444
653,4.111111111111111
654,4.155555555555555
655,4.133333333333332
656,4.166666666666666
657,4.177777777777777
658,4.166666666666667
659,3.988888888888888
660,3.7333333333333325
661,3.3222222222222215
662,3.3999999999999995
663,4.811111111111111
664,4.688888888888888
665,4.81111111111111
666,4.699999999999999
667,4.611111111111111
668,4.522222222222221
669,4.299999999999999
670,4.1
671,3.988888888888889
672,3.711111111111111
673,3.4777777777777774
674,3.633333333333333
675,3.622222222222222
676,3.6666666666666665
677,3.633333333333333
678,3.499999999999999
679,3.3555555555555556
680,3.3777777777777773
681,3.4333333333333327
682,3.688888888888889
683,3.433333333333333
684,3.2888888888888883
685,3.3333333333333335
686,3.3888888888888884
687,2.955555555555555
688,3.2666666666666666
689,3.5555555555555554
690,3.6999999999999997
691,3.9111111111111105
692,4.144444444444444
693,4.311111111111111
694,4.422222222222221
695,4.477777777777777
696,4.533333333333333
697,4.499999999999999
698,4.3999999999999995
699,3.4444444444444446
700,3.644444444444444
701,3.6555555555555554
702,3.677777777777777
703,3.544444444444444
704,3.644444444444444
705,3.788888888888889
706,3.888888888888889
707,4.01111111111111
708,4.0777777777777775
709,3.988888888888888
710,3.9444444444444446
711,3.677777777777777
712,3.5
713,3.344444444444444
714,3.1333333333333333
715,2.888888888888889
716,2.844444444444444
717,2.855555555555555
718,2.8666666666666667
719,2.833333333333334
720,2.6888888888888887
721,2.322222222222222
722,2.122222222222222
723,2.1555555555555554
724,1.9777777777777779
725,1.788888888888889
726,1.7333333333333334
727,1.633333333333333
728,1.2666666666666668
729,1.1555555555555557
730,1.111111111111111
731,1.2999999999999998
732,1.6333333333333333
733,2.1333333333333333
734,2.4111111111111105
735,3.3
736,3.3888888888888884
737,3.4999999999999996
738,3.422222222222222
739,3.1999999999999997
740,3.0
741,2.811111111111111
742,2.6777777777777776
743,2.4999999999999996
744,2.1999999999999997
745,1.8666666666666663
746,1.6222222222222222
747,1.7777777777777777
748,1.6555555555555554
749,1.822222222222222
750,1.9888888888888887
751,1.844444444444444
752,1.7777777777777777
753,1.7555555555555555
754,1.9888888888888887
755,2.3666666666666663
756,2.577777777777778
757,2.6777777777777776
758,2.933333333333333
759,3.0999999999999996
760,3.2999999999999994
761,3.144444444444444
762,3.0999999999999996
763,3.0
764,2.7777777777777777
765,2.8222222222222215
766,2.422222222222222
767,2.6333333333333333
768,2.766666666666666
769,2.7888888888888888
770,2.788888888888889
771,1.8888888888888888
772,2.0888888888888886
773,2.0777777777777775
774,1.8999999999999997
775,1.8999999999999997
776,1.8777777777777775
777,1.9444444444444444
778,1.9222222222222218
779,2.0888888888888886
780,2.2888888888888888
781,2.755555555555555
782,3.0777777777777775
783,2.5
784,2.822222222222222
785,3.255555555555555
786,3.7777777777777777
787,4.344444444444444
788,4.71111111111111
789,4.944444444444444
790,5.133333333333333
791,5.277777777777778
792,5.277777777777778
793,5.433333333333333
794,6.066666666666666
795,5.777777777777777
796,5.844444444444443
797,5.877777777777776
798,6.122222222222222
799,6.255555555555555
800,6.288888888888888
801,6.21111111111111
802,5.966666666666666
803,5.833333333333332
804,5.7333333333333325
805,5.611111111111111
806,5.577777777777777
807,5.922222222222221
808,6.155555555555555
809,6.266666666666666
810,6.266666666666666
811,6.044444444444444
812,5.788888888888888
813,5.6
814,5.644444444444443
815,5.755555555555555
816,5.833333333333333
817,5.71111111111111
818,5.544444444444444
819,5.488888888888888
820,5.366666666666666
821,5.466666666666666
822,5.555555555555555
823,5.611111111111111
824,5.555555555555555
825,5.411111111111111
826,5.088888888888889
827,5.166666666666667
828,5.099999999999999
829,4.922222222222222
830,4.8999999999999995
831,5.311111111111111
832,4.888888888888888
833,4.666666666666667
834,4.388888888888888
835,4.01111111111111
836,3.422222222222222
837,2.6999999999999997
838,1.7555555555555555
839,1.7000000000000002
840,2.4444444444444446
841,3.0222222222222217
842,3.5444444444444443
843,3.9666666666666663
844,4.488888888888888
845,4.866666666666666
846,4.977777777777778
847,4.866666666666666
848,4.611111111111111
849,4.188888888888889
850,3.888888888888888
851,3.4777777777777774
852,3.0444444444444443
853,2.7444444444444445
854,2.2777777777777777
855,1.8444444444444446
856,1.4333333333333331
857,1.1777777777777778
858,1.1333333333333333
859,1.5444444444444443
860,2.1777777777777776
861,2.633333333333333
862,2.7777777777777772
863,2.644444444444444
864,2.622222222222222
865,2.733333333333333
866,2.822222222222222
867,2.0999999999999996
868,2.0777777777777775
869,2.144444444444444
870,1.9777777777777774
871,1.8555555555555554
872,1.7777777777777777
873,1.7111111111111112
874,1.6666666666666665
875,1.7777777777777777
876,1.9222222222222223
877,1.7888888888888888
878,1.711111111111111
879,1.333333333333333
880,1.211111111111111
881,1.2111111111111112
882,1.0
883,0.9555555555555555
884,1.1888888888888889
885,1.411111111111111
886,1.811111111111111
887,2.1555555555555554
888,2.3666666666666663
889,2.3777777777777778
890,2.1666666666666665
891,2.3444444444444446
892,2.2444444444444445
893,2.1777777777777776
894,2.111111111111111
895,1.711111111111111
896,1.344444444444444
897,1.3888888888888888
898,1.6111111111111112
899,1.9444444444444444
900,1.9333333333333331
901,2.244444444444444
902,2.522222222222222
903,2.033333333333333
904,2.177777777777778
905,1.9666666666666666
906,1.788888888888889
907,2.2444444444444445
908,2.8888888888888884
909,3.122222222222222
910,3.0444444444444443
911,2.5999999999999996
912,2.3666666666666663
913,1.9333333333333331
914,1.8777777777777775
915,2.4555555555555553
916,2.088888888888889
917,2.1333333333333333
918,2.0444444444444443
919,1.6444444444444446
920,1.5444444444444443
921,2.2222222222222223
922,2.8111111111111104
923,3.8000000000000003
924,5.0777777777777775
925,6.5777777777777775
926,6.988888888888888
927,6.466666666666665
928,6.155555555555555
929,5.822222222222221
930,5.31111111111111
931,4.71111111111111
932,4.21111111111111
933,4.044444444444443
934,4.066666666666666
935,4.111111111111111
936,4.088888888888889
937,4.055555555555555
938,4.022222222222222
939,4.099999999999999
940,4.133333333333333
941,3.988888888888889
942,3.877777777777777
943,3.9444444444444446
944,3.6333333333333337
945,3.155555555555555
946,2.611111111111111
947,2.1111111111111107
948,1.9666666666666666
949,2.0555555555555554
950,2.1222222222222222
951,2.1777777777777776
952,2.433333333333333
953,2.7666666666666666
954,3.0555555555555554
955,3.222222222222222
956,3.311111111111111
957,3.488888888888889
958,3.666666666666666
959,3.888888888888889
960,4.044444444444443
961,4.288888888888888
962,4.355555555555555
963,4.0777777777777775
964,4.0
965,3.9666666666666663
966,3.9111111111111105
967,3.7222222222222223
968,3.3777777777777773
969,3.155555555555555
970,3.144444444444444
971,3.1777777777777776
972,3.188888888888888
973,3.222222222222222
974,3.188888888888888
975,3.122222222222222
976,3.033333333333333
977,2.7888888888888883
978,2.444444444444444
979,2.0888888888888886
980,1.8888888888888888
981,1.7444444444444445
982,1.6555555555555554
983,1.5666666666666667
984,1.411111111111111
985,1.5444444444444443
986,1.5666666666666667
987,1.3999999999999997
988,1.7555555555555555
989,2.0222222222222217
990,2.233333333333333
991,2.3777777777777778
992,2.5777777777777775
993,2.711111111111111
994,2.8888888888888884
995,2.7777777777777772
996,2.7222222222222223
997,2.611111111111111
998,2.4000000000000004
999,2.0222222222222217
1000,1.811111111111111
1001,1.6222222222222222
1002,1.6666666666666667
1003,1.7222222222222223
1004,1.722222222222222
1005,1.6777777777777776
1006,1.6555555555555557
1007,1.7333333333333334
1008,1.7999999999999998
1009,1.9777777777777774
1010,2.122222222222222
1011,2.322222222222222
1012,2.466666666666667
1013,2.9444444444444446
1014,3.166666666666666
1015,3.066666666666666
1016,2.9777777777777774
1017,2.9333333333333327
1018,2.922222222222222
1019,2.833333333333333
1020,2.8666666666666663
1021,2.9333333333333327
1022,2.9111111111111105
1023,3.388888888888888
1024,3.2888888888888883
1025,3.144444444444444
1026,2.8777777777777773
1027,2.6333333333333333
1028,2.533333333333333
1029,2.5777777777777775
1030,2.5222222222222217
1031,2.322222222222222
1032,2.255555555555555
1033,2.1111111111111107
1034,1.9777777777777779
1035,1.9777777777777779
1036,1.9555555555555553
1037,1.8888888888888888
1038,1.5555555555555556
1039,1.3666666666666665
1040,1.0999999999999999
1041,1.1111111111111112
1042,1.2777777777777777
1043,1.8333333333333333
1044,2.4555555555555553
1045,3.088888888888888
1046,3.144444444444444
1047,2.111111111111111
1048,2.0444444444444443
1049,2.2
1050,2.5222222222222217
1051,2.8333333333333335
1052,3.0555555555555554
1053,3.255555555555555
1054,3.355555555555555
1055,3.1999999999999997
1056,2.9555555555555553
1057,3.0777777777777775
1058,3.333333333333333
1059,3.222222222222222
1060,3.244444444444444
1061,3.444444444444444
1062,3.688888888888888
1063,3.7999999999999994
1064,3.9666666666666663
1065,4.21111111111111
1066,4.499999999999999
1067,4.633333333333334
1068,4.922222222222222
1069,5.099999999999999
1070,5.2333333333333325
1071,5.3
1072,5.3999999999999995
1073,5.455555555555555
1074,5.455555555555555
1075,5.644444444444444
1076,5.800000000000001
1077,5.744444444444444
1078,5.588888888888888
1079,5.622222222222222
1080,5.71111111111111
1081,5.988888888888888
1082,6.155555555555555
1083,6.111111111111111
1084,6.366666666666666
1085,6.477777777777778
1086,6.377777777777776
1087,6.288888888888888
1088,6.022222222222221
1089,5.699999999999999
1090,6.188888888888888
1091,6.21111111111111
1092,6.055555555555555
1093,6.0777777777777775
1094,6.144444444444444
1095,6.188888888888888
1096,5.955555555555555
1097,5.71111111111111
1098,5.499999999999999
1099,5.21111111111111
1100,5.022222222222222
1101,4.688888888888887
1102,4.288888888888888
1103,3.8777777777777778
1104,3.511111111111111
1105,3.2222222222222223
1106,2.9777777777777774
1107,2.766666666666666
1108,2.3666666666666663
1109,2.1444444444444444
1110,2.033333333333333
1111,1.7555555555555555
1112,1.4555555555555555
1113,1.3666666666666665
1114,1.4555555555555555
1115,1.7333333333333332
1116,2.088888888888889
1117,2.511111111111111
1118,2.922222222222222
1119,3.1888888888888887
1120,3.2444444444444445
1121,3.388888888888889
1122,3.5999999999999996
1123,3.7888888888888883
1124,4.0
1125,4.2555555555555555
1126,4.422222222222222
1127,4.777777777777777
1128,5.088888888888888
1129,5.166666666666666
1130,5.199999999999999
1131,5.277777777777778
1132,5.41111111111111
1133,5.544444444444443
1134,5.5555555555555545
1135,5.355555555555555
1136,5.155555555555555
1137,4.922222222222222
1138,4.7555555555555555
1139,4.788888888888888
1140,4.922222222222222
1141,4.955555555555555
1142,4.866666666666666
1143,4.71111111111111
1144,4.588888888888889
1145,4.5
1146,4.288888888888888
1147,4.033333333333333
1148,3.6999999999999997
1149,3.4777777777777774
1150,3.366666666666666
1151,3.2333333333333325
1152,3.188888888888888
1153,3.0777777777777775
1154,2.988888888888889
1155,2.5444444444444443
1156,2.5777777777777775
1157,2.622222222222222
1158,2.4777777777777774
1159,2.3333333333333335
1160,2.2777777777777772
1161,2.211111111111111
1162,2.144444444444444
1163,2.0999999999999996
1164,2.1666666666666665
1165,2.311111111111111
1166,2.3666666666666667
1167,2.0999999999999996
1168,1.9777777777777779
1169,1.811111111111111
1170,1.7444444444444442
1171,1.722222222222222
1172,1.6666666666666667
1173,1.4666666666666668
1174,1.3888888888888888
1175,1.5000000000000002
1176,1.6888888888888889
1177,1.8333333333333333
1178,1.7333333333333332
1179,0.8222222222222223
1180,1.5444444444444445
1181,2.244444444444444
1182,2.5888888888888886
1183,2.433333333333333
1184,2.344444444444444
1185,2.4000000000000004
1186,2.466666666666667
1187,2.611111111111111
1188,3.0999999999999996
1189,3.755555555555555
1190,4.21111111111111
1191,4.366666666666666
1192,4.322222222222221
1193,4.388888888888888
1194,4.344444444444444
1195,4.044444444444443
1196,3.633333333333333
1197,3.355555555555555
1198,3.144444444444444
1199,2.9333333333333327
1200,2.8555555555555556
1201,3.066666666666667
1202,3.133333333333333
1203,2.5777777777777775
1204,2.4999999999999996
1205,2.611111111111111
1206,2.644444444444444
1207,2.688888888888888
1208,2.844444444444444
1209,2.888888888888888
1210,2.988888888888889
1211,3.2666666666666666
1212,3.6555555555555554
1213,3.811111111111111
1214,3.922222222222222
1215,3.3
1216,3.277777777777777
1217,3.3333333333333326
1218,3.3444444444444446
1219,3.388888888888888
1220,3.411111111111111
1221,3.5111111111111106
1222,3.0111111111111106
1223,2.855555555555555
1224,2.6777777777777776
1225,2.4222222222222225
1226,2.333333333333333
1227,1.3888888888888886
1228,1.5444444444444445
1229,1.7999999999999998
1230,1.7222222222222223
1231,1.5333333333333332
1232,1.5333333333333334
1233,1.7999999999999998
1234,1.9999999999999996
1235,2.3777777777777778
1236,2.9999999999999996
1237,3.5555555555555554
1238,3.9666666666666663
1239,4.322222222222221
1240,4.2555555555555555
1241,3.955555555555555
1242,3.5555555555555554
1243,4.044444444444443
1244,4.244444444444444
1245,4.799999999999999
1246,4.611111111111111
1247,3.4
1248,1.822222222222222
1249,1.5222222222222221
1250,2.2444444444444445
1251,2.5999999999999996
1252,2.833333333333333
1253,2.2777777777777772
1254,1.7333333333333332
1255,1.822222222222222
1256,1.811111111111111
1257,2.811111111111111
1258,3.566666666666666
1259,3.8999999999999995
1260,4.133333333333332
1261,4.866666666666666
1262,4.977777777777777
1263,3.9777777777777774
1264,4.366666666666666
1265,4.8999999999999995
1266,5.244444444444444
1267,5.1000000000000005
1268,5.622222222222222
1269,5.488888888888889
1270,5.666666666666668
1271,6.0
1272,6.455555555555555
1273,6.933333333333333
1274,7.266666666666666
1275,6.455555555555554
1276,6.288888888888888
1277,6.188888888888888
1278,6.088888888888888
1279,5.855555555555555
1280,5.466666666666665
1281,4.933333333333333
1282,4.866666666666665
1283,4.844444444444444
1284,4.955555555555555
1285,5.088888888888889
1286,5.3
1287,4.999999999999999
1288,5.422222222222221
1289,5.822222222222222
1290,5.8999999999999995
1291,5.799999999999999
1292,5.833333333333332
1293,5.811111111111111
1294,5.833333333333332
1295,6.022222222222222
1296,6.544444444444443
1297,6.733333333333332
1298,6.877777777777776
1299,6.51111111111111
1300,5.933333333333333
1301,6.033333333333333
1302,6.199999999999999
1303,6.588888888888889
1304,6.933333333333333
1305,7.0777777777777775
1306,7.41111111111111
1307,7.71111111111111
1308,8.033333333333333
1309,8.055555555555555
1310,8.288888888888888
1311,7.766666666666666
1312,7.922222222222222
1313,8.133333333333333
1314,8.088888888888887
1315,8.31111111111111
1316,8.644444444444444
1317,8.744444444444444
1318,8.899999999999999
1319,8.955555555555556
1320,8.93333333333333
1321,9.077777777777776
1322,9.188888888888888
1323,8.866666666666665
1324,8.88888888888889
1325,9.033333333333333
1326,9.02222222222222
1327,8.81111111111111
1328,8.38888888888889
1329,7.988888888888888
1330,7.611111111111111
1331,7.099999999999999
1332,6.766666666666666
1333,6.444444444444444
1334,6.166666666666666
1335,6.355555555555554
1336,5.9111111111111105
1337,5.544444444444443
1338,5.133333333333332
1339,4.588888888888888
1340,4.111111111111111
1341,3.688888888888888
1342,3.3
1343,2.8777777777777778
1344,2.522222222222222
1345,2.1666666666666665
1346,1.8888888888888888
1347,2.3888888888888884
1348,2.122222222222222
1349,2.0666666666666664
1350,2.1333333333333333
1351,2.1555555555555554
1352,2.188888888888889
1353,1.9333333333333331
1354,1.9444444444444444
1355,2.1444444444444444
1356,2.488888888888889
1357,2.8333333333333335
1358,3.122222222222222
1359,3.3666666666666663
1360,3.433333333333333
1361,3.4666666666666663
1362,3.4111111111111105
1363,3.2777777777777772
1364,3.0999999999999996
1365,2.811111111111111
1366,2.6111111111111107
1367,2.4444444444444446
1368,2.2444444444444445
1369,2.4111111111111105
1370,2.433333333333333
1371,2.7222222222222223
1372,2.511111111111111
1373,2.4777777777777774
1374,2.1999999999999997
1375,2.144444444444444
1376,2.0555555555555554
1377,2.2666666666666666
1378,2.5222222222222217
1379,2.822222222222222
1380,3.0
1381,3.188888888888888
1382,3.433333333333333
1383,3.9777777777777774
1384,4.022222222222222
1385,3.999999999999999
1386,4.01111111111111
1387,4.011111111111111
1388,3.955555555555555
1389,3.822222222222222
1390,3.8444444444444437
1391,3.888888888888889
1392,3.955555555555555
1393,3.999999999999999
1394,4.088888888888889
1395,3.5555555555555554
1396,3.7222222222222214
1397,3.7999999999999994
1398,3.811111111111111
1399,3.744444444444444
1400,3.677777777777778
1401,3.711111111111111
1402,3.688888888888888
1403,3.644444444444444
1404,3.8333333333333326
1405,4.133333333333333
1406,4.5
1407,4.799999999999999
1408,4.999999999999999
1409,4.877777777777777
1410,4.5777777777777775
1411,4.388888888888888
1412,4.3
1413,4.2333333333333325
1414,4.099999999999999
1415,3.955555555555555
1416,3.822222222222222
1417,3.755555555555555
1418,3.8333333333333326
1419,3.266666666666666
1420,3.188888888888888
1421,3.144444444444444
1422,3.0777777777777775
1423,3.1333333333333333
1424,3.2444444444444445
1425,3.4444444444444438
1426,3.622222222222222
1427,3.9111111111111105
1428,4.01111111111111
1429,4.1
1430,4.199999999999999
1431,3.488888888888889
1432,3.7222222222222223
1433,4.0
1434,4.022222222222222
1435,3.744444444444444
1436,3.322222222222222
1437,2.933333333333333
1438,2.488888888888889
1439,2.6777777777777776
1440,3.0888888888888886
1441,3.5555555555555554
1442,3.811111111111111
1443,4.21111111111111
1444,4.188888888888888
1445,4.111111111111111
1446,4.111111111111111
1447,4.0777777777777775
1448,3.7222222222222214
1449,3.3222222222222215
1450,2.9777777777777774
1451,3.0444444444444447
1452,3.2777777777777777
1453,3.455555555555555
1454,3.7888888888888883
1455,3.7666666666666657
1456,3.5888888888888886
1457,3.255555555555555
1458,3.1333333333333333
1459,2.9
