,0,1
0,60.135,4.959
1,60.134,4.959
2,60.134,4.959
3,60.134,4.959
4,60.133,4.959
5,60.132,4.959
6,60.132,4.959
7,60.132,4.959
8,60.131,4.958
9,60.13,4.958
10,60.13,4.958
11,60.13,4.958
12,60.129,4.958
13,60.128,4.958
14,60.128,4.958
15,60.128,4.958
16,60.127,4.958
17,60.126,4.958
18,60.126,4.958
19,60.125,4.958
20,60.125,4.958
21,60.124,4.958
22,60.124,4.958
23,60.123,4.958
24,60.122,4.958
25,60.122,4.957
26,60.121,4.957
27,60.121,4.957
28,60.12,4.957
29,60.12,4.957
30,60.119,4.957
31,60.119,4.957
32,60.118,4.957
33,60.118,4.957
34,60.117,4.957
35,60.116,4.957
36,60.116,4.957
37,60.116,4.957
38,60.115,4.957
39,60.114,4.957
40,60.114,4.956
41,60.114,4.956
42,60.113,4.956
43,60.112,4.956
44,60.112,4.956
45,60.112,4.956
46,60.111,4.956
47,60.11,4.956
48,60.11,4.956
49,60.11,4.956
50,60.109,4.956
51,60.108,4.956
52,60.108,4.956
53,60.108,4.955
54,60.107,4.955
55,60.106,4.955
56,60.106,4.955
57,60.106,4.955
58,60.105,4.955
59,60.104,4.955
60,60.104,4.954
61,60.104,4.954
62,60.103,4.954
63,60.102,4.954
64,60.102,4.954
65,60.101,4.954
66,60.101,4.954
67,60.1,4.954
68,60.1,4.954
69,60.099,4.954
70,60.099,4.954
71,60.098,4.954
72,60.098,4.954
73,60.097,4.953
74,60.096,4.953
75,60.096,4.953
76,60.095,4.953
77,60.095,4.953
78,60.094,4.953
79,60.094,4.953
80,60.093,4.953
81,60.092,4.953
82,60.092,4.953
83,60.092,4.953
84,60.091,4.953
85,60.091,4.953
86,60.09,4.953
87,60.09,4.953
88,60.089,4.953
89,60.088,4.952
90,60.088,4.952
91,60.088,4.952
92,60.087,4.952
93,60.086,4.952
94,60.086,4.952
95,60.086,4.952
96,60.085,4.952
97,60.084,4.952
98,60.084,4.952
99,60.084,4.952
100,60.083,4.952
101,60.082,4.952
102,60.082,4.952
103,60.082,4.952
104,60.081,4.951
105,60.08,4.951
106,60.08,4.951
107,60.079,4.951
108,60.079,4.951
109,60.078,4.951
110,60.078,4.951
111,60.078,4.951
112,60.077,4.951
113,60.076,4.951
114,60.076,4.951
115,60.075,4.951
116,60.075,4.951
117,60.074,4.951
118,60.074,4.951
119,60.073,4.951
120,60.072,4.95
121,60.072,4.95
122,60.071,4.95
123,60.071,4.95
124,60.07,4.95
125,60.07,4.95
126,60.069,4.95
127,60.069,4.95
128,60.068,4.95
129,60.067,4.95
130,60.067,4.95
131,60.066,4.95
132,60.066,4.95
133,60.066,4.95
134,60.065,4.95
135,60.064,4.95
136,60.064,4.95
137,60.064,4.949
138,60.063,4.949
139,60.062,4.949
140,60.062,4.949
141,60.062,4.949
142,60.061,4.949
143,60.061,4.949
144,60.06,4.949
145,60.06,4.949
146,60.059,4.949
147,60.058,4.949
148,60.058,4.949
149,60.058,4.949
150,60.057,4.949
151,60.056,4.949
152,60.056,4.948
153,60.056,4.948
154,60.055,4.948
155,60.054,4.948
156,60.054,4.948
157,60.054,4.948
158,60.053,4.948
159,60.052,4.948
160,60.052,4.948
161,60.052,4.948
162,60.051,4.948
163,60.05,4.948
164,60.05,4.948
165,60.05,4.948
166,60.049,4.948
167,60.048,4.948
168,60.048,4.948
169,60.048,4.947
170,60.047,4.947
171,60.046,4.947
172,60.046,4.947
173,60.046,4.947
174,60.045,4.947
175,60.044,4.947
176,60.044,4.947
177,60.043,4.947
178,60.043,4.947
179,60.042,4.947
180,60.042,4.947
181,60.041,4.947
182,60.041,4.947
183,60.04,4.947
184,60.04,4.946
185,60.039,4.946
186,60.038,4.946
187,60.038,4.946
188,60.037,4.946
189,60.037,4.946
190,60.036,4.946
191,60.036,4.946
192,60.035,4.946
193,60.034,4.946
194,60.034,4.946
195,60.034,4.946
196,60.033,4.946
197,60.032,4.945
198,60.032,4.945
199,60.032,4.945
200,60.031,4.945
201,60.03,4.945
202,60.03,4.945
203,60.03,4.945
204,60.029,4.944
205,60.028,4.944
206,60.028,4.944
207,60.028,4.944
208,60.027,4.944
209,60.026,4.944
210,60.026,4.944
211,60.026,4.944
212,60.025,4.944
213,60.024,4.944
214,60.024,4.944
215,60.024,4.944
216,60.023,4.944
217,60.022,4.943
218,60.022,4.943
219,60.021,4.943
220,60.021,4.943
221,60.02,4.943
222,60.02,4.943
223,60.02,4.943
224,60.019,4.943
225,60.018,4.943
226,60.018,4.943
227,60.017,4.943
228,60.017,4.943
229,60.016,4.943
230,60.016,4.943
231,60.015,4.943
232,60.014,4.942
233,60.014,4.942
234,60.013,4.942
235,60.013,4.942
236,60.012,4.942
237,60.012,4.942
238,60.011,4.942
239,60.011,4.942
240,60.01,4.942
241,60.009,4.942
242,60.009,4.942
243,60.008,4.942
244,60.008,4.942
245,60.008,4.942
246,60.007,4.942
247,60.006,4.942
248,60.006,4.942
249,60.006,4.941
250,60.005,4.941
251,60.004,4.941
252,60.004,4.941
253,60.004,4.941
254,60.003,4.941
255,60.003,4.941
256,60.002,4.941
257,60.002,4.941
258,60.001,4.941
259,60.0,4.941
260,60.0,4.941
261,60.0,4.941
262,59.999,4.941
263,59.998,4.941
264,59.998,4.941
265,59.998,4.941
266,59.997,4.941
267,59.996,4.941
268,59.996,4.941
269,59.996,4.941
270,59.995,4.941
271,59.994,4.941
272,59.994,4.941
273,59.993,4.941
274,59.993,4.941
275,59.992,4.941
276,59.992,4.941
277,59.991,4.941
278,59.991,4.941
279,59.99,4.941
280,59.99,4.94
281,59.989,4.94
282,59.988,4.94
283,59.988,4.94
284,59.987,4.94
285,59.987,4.94
286,59.986,4.94
287,59.986,4.94
288,59.985,4.94
289,59.984,4.94
290,59.984,4.94
291,59.983,4.94
292,59.983,4.94
293,59.982,4.94
294,59.982,4.94
295,59.981,4.94
296,59.98,4.94
297,59.98,4.94
298,59.979,4.94
299,59.979,4.94
300,59.978,4.94
301,59.978,4.94
302,59.977,4.94
303,59.977,4.94
304,59.976,4.94
305,59.976,4.94
306,59.975,4.94
307,59.974,4.94
308,59.974,4.94
309,59.974,4.94
310,59.973,4.94
311,59.973,4.94
312,59.972,4.94
313,59.972,4.94
314,59.971,4.94
315,59.97,4.94
316,59.97,4.94
317,59.97,4.94
318,59.969,4.94
319,59.969,4.94
320,59.968,4.94
321,59.968,4.94
322,59.967,4.94
323,59.966,4.94
324,59.966,4.94
325,59.966,4.94
326,59.965,4.94
327,59.964,4.94
328,59.964,4.94
329,59.964,4.94
330,59.963,4.94
331,59.962,4.94
332,59.962,4.94
333,59.962,4.94
334,59.961,4.94
335,59.96,4.94
336,59.96,4.94
337,59.959,4.94
338,59.959,4.94
339,59.958,4.94
340,59.958,4.94
341,59.957,4.94
342,59.957,4.94
343,59.956,4.94
344,59.956,4.94
345,59.955,4.94
346,59.954,4.94
347,59.954,4.94
348,59.953,4.94
349,59.953,4.94
350,59.952,4.94
351,59.952,4.94
352,59.951,4.94
353,59.95,4.94
354,59.95,4.94
355,59.949,4.94
356,59.949,4.94
357,59.948,4.94
358,59.948,4.94
359,59.947,4.94
360,59.946,4.94
361,59.946,4.939
362,59.945,4.939
363,59.945,4.939
364,59.944,4.939
365,59.944,4.939
366,59.943,4.939
367,59.943,4.939
368,59.942,4.939
369,59.942,4.939
370,59.941,4.939
371,59.94,4.939
372,59.94,4.939
373,59.94,4.939
374,59.939,4.939
375,59.938,4.939
376,59.938,4.939
377,59.938,4.939
378,59.937,4.939
379,59.936,4.939
380,59.936,4.939
381,59.936,4.939
382,59.935,4.939
383,59.934,4.939
384,59.934,4.939
385,59.933,4.939
386,59.933,4.939
387,59.932,4.939
388,59.932,4.939
389,59.932,4.939
390,59.931,4.939
391,59.93,4.939
392,59.93,4.939
393,59.93,4.939
394,59.929,4.939
395,59.928,4.939
396,59.928,4.939
397,59.928,4.939
398,59.927,4.939
399,59.927,4.939
400,59.926,4.939
401,59.925,4.939
402,59.925,4.939
403,59.924,4.939
404,59.924,4.939
405,59.923,4.939
406,59.923,4.939
407,59.922,4.939
408,59.922,4.938
409,59.921,4.938
410,59.92,4.938
411,59.92,4.938
412,59.919,4.938
413,59.919,4.938
414,59.918,4.938
415,59.918,4.938
416,59.917,4.938
417,59.916,4.938
418,59.916,4.938
419,59.915,4.938
420,59.915,4.938
421,59.914,4.938
422,59.914,4.938
423,59.913,4.938
424,59.912,4.938
425,59.912,4.938
426,59.911,4.938
427,59.911,4.938
428,59.91,4.938
429,59.91,4.938
430,59.909,4.938
431,59.909,4.938
432,59.908,4.938
433,59.908,4.938
434,59.907,4.938
435,59.906,4.938
436,59.906,4.938
437,59.906,4.938
438,59.905,4.938
439,59.904,4.938
440,59.904,4.938
441,59.904,4.938
442,59.903,4.938
443,59.902,4.938
444,59.902,4.938
445,59.902,4.938
446,59.901,4.938
447,59.9,4.938
448,59.9,4.938
449,59.899,4.938
450,59.899,4.938
451,59.898,4.938
452,59.898,4.938
453,59.898,4.938
454,59.897,4.938
455,59.896,4.938
456,59.896,4.938
457,59.896,4.938
458,59.895,4.938
459,59.894,4.938
460,59.894,4.938
461,59.894,4.938
462,59.893,4.938
463,59.893,4.938
464,59.892,4.938
465,59.891,4.938
466,59.891,4.938
467,59.89,4.938
468,59.89,4.938
469,59.889,4.938
470,59.889,4.938
471,59.888,4.938
472,59.888,4.938
473,59.887,4.938
474,59.886,4.938
475,59.886,4.938
476,59.885,4.938
477,59.885,4.938
478,59.884,4.938
479,59.884,4.938
480,59.883,4.938
481,59.882,4.938
482,59.882,4.938
483,59.881,4.938
484,59.881,4.938
485,59.88,4.938
486,59.88,4.938
487,59.879,4.938
488,59.878,4.938
489,59.878,4.937
490,59.877,4.937
491,59.877,4.937
492,59.876,4.937
493,59.876,4.937
494,59.875,4.937
495,59.875,4.937
496,59.874,4.937
497,59.874,4.937
498,59.873,4.937
499,59.872,4.937
500,59.872,4.937
501,59.872,4.937
502,59.871,4.937
503,59.87,4.937
504,59.87,4.937
505,59.87,4.937
506,59.869,4.937
507,59.868,4.937
508,59.868,4.937
509,59.868,4.937
510,59.867,4.937
511,59.866,4.937
512,59.866,4.937
513,59.866,4.937
514,59.865,4.937
515,59.864,4.938
516,59.864,4.938
517,59.864,4.938
518,59.863,4.938
519,59.862,4.938
520,59.862,4.938
521,59.862,4.939
522,59.861,4.939
523,59.86,4.939
524,59.86,4.939
525,59.86,4.939
526,59.859,4.94
527,59.858,4.94
528,59.858,4.94
529,59.857,4.94
530,59.857,4.94
531,59.856,4.941
532,59.856,4.941
533,59.855,4.941
534,59.855,4.941
535,59.854,4.941
536,59.854,4.942
537,59.853,4.942
538,59.852,4.942
539,59.852,4.942
540,59.851,4.942
541,59.851,4.942
542,59.85,4.943
543,59.85,4.943
544,59.849,4.943
545,59.848,4.943
546,59.848,4.943
547,59.847,4.943
548,59.847,4.944
549,59.846,4.944
550,59.846,4.944
551,59.845,4.944
552,59.844,4.944
553,59.844,4.944
554,59.843,4.944
555,59.843,4.944
556,59.842,4.944
557,59.842,4.945
558,59.841,4.945
559,59.841,4.945
560,59.84,4.945
561,59.84,4.945
562,59.839,4.945
563,59.838,4.946
564,59.838,4.946
565,59.838,4.946
566,59.837,4.946
567,59.836,4.946
568,59.836,4.946
569,59.836,4.947
570,59.835,4.947
571,59.834,4.947
572,59.834,4.947
573,59.834,4.947
574,59.833,4.948
575,59.832,4.948
576,59.832,4.948
577,59.831,4.948
578,59.831,4.948
579,59.83,4.949
580,59.83,4.949
581,59.829,4.949
582,59.829,4.949
583,59.828,4.949
584,59.828,4.95
585,59.827,4.95
586,59.826,4.95
587,59.826,4.95
588,59.825,4.95
589,59.825,4.95
590,59.824,4.951
591,59.824,4.951
592,59.823,4.951
593,59.822,4.951
594,59.822,4.951
595,59.822,4.952
596,59.821,4.952
597,59.82,4.952
598,59.82,4.952
599,59.82,4.952
600,59.819,4.952
601,59.818,4.953
602,59.818,4.953
603,59.817,4.953
604,59.817,4.953
605,59.816,4.953
606,59.816,4.954
607,59.816,4.954
608,59.815,4.954
609,59.814,4.954
610,59.814,4.954
611,59.813,4.955
612,59.813,4.955
613,59.812,4.955
614,59.812,4.955
615,59.811,4.955
616,59.81,4.956
617,59.81,4.956
618,59.809,4.956
619,59.809,4.956
620,59.808,4.956
621,59.808,4.956
622,59.807,4.957
623,59.807,4.957
624,59.806,4.957
625,59.805,4.957
626,59.805,4.957
627,59.804,4.958
628,59.804,4.958
629,59.804,4.958
630,59.803,4.958
631,59.802,4.958
632,59.802,4.958
633,59.802,4.959
634,59.801,4.959
635,59.8,4.959
636,59.8,4.959
637,59.8,4.959
638,59.799,4.96
639,59.799,4.96
640,59.798,4.96
641,59.798,4.96
642,59.797,4.96
643,59.796,4.96
644,59.796,4.96
645,59.796,4.961
646,59.795,4.961
647,59.794,4.961
648,59.794,4.961
649,59.794,4.961
650,59.793,4.961
651,59.792,4.961
652,59.792,4.962
653,59.792,4.962
654,59.791,4.962
655,59.79,4.962
656,59.79,4.962
657,59.789,4.962
658,59.789,4.962
659,59.788,4.963
660,59.788,4.963
661,59.787,4.963
662,59.787,4.963
663,59.786,4.963
664,59.786,4.964
665,59.785,4.964
666,59.784,4.964
667,59.784,4.964
668,59.783,4.964
669,59.783,4.964
670,59.782,4.965
671,59.782,4.965
672,59.781,4.965
673,59.78,4.965
674,59.78,4.965
675,59.779,4.966
676,59.779,4.966
677,59.778,4.966
678,59.778,4.966
679,59.777,4.966
680,59.776,4.966
681,59.776,4.967
682,59.775,4.967
683,59.775,4.967
684,59.774,4.967
685,59.774,4.967
686,59.773,4.968
687,59.773,4.968
688,59.772,4.968
689,59.771,4.968
690,59.771,4.968
691,59.77,4.969
692,59.77,4.969
693,59.77,4.969
694,59.769,4.969
695,59.768,4.969
696,59.768,4.97
697,59.768,4.97
698,59.767,4.97
699,59.766,4.97
700,59.766,4.97
701,59.766,4.97
702,59.765,4.971
703,59.765,4.971
704,59.764,4.971
705,59.764,4.971
706,59.763,4.971
707,59.762,4.972
708,59.762,4.972
709,59.762,4.972
710,59.761,4.972
711,59.76,4.972
712,59.76,4.972
713,59.76,4.973
714,59.759,4.973
715,59.758,4.973
716,59.758,4.973
717,59.758,4.973
718,59.757,4.974
719,59.756,4.974
720,59.756,4.974
721,59.755,4.974
722,59.755,4.974
723,59.754,4.974
724,59.754,4.974
725,59.753,4.975
726,59.753,4.975
727,59.752,4.975
728,59.752,4.975
729,59.751,4.975
730,59.75,4.975
731,59.75,4.975
732,59.749,4.976
733,59.749,4.976
734,59.748,4.976
735,59.748,4.976
736,59.747,4.976
737,59.746,4.976
738,59.746,4.976
739,59.745,4.977
740,59.745,4.977
741,59.744,4.977
742,59.744,4.977
743,59.743,4.977
744,59.742,4.978
745,59.742,4.978
746,59.741,4.978
747,59.741,4.978
748,59.74,4.978
749,59.74,4.978
750,59.739,4.979
751,59.739,4.979
752,59.738,4.979
753,59.738,4.979
754,59.737,4.979
755,59.736,4.98
756,59.736,4.98
757,59.736,4.98
758,59.735,4.98
759,59.734,4.98
760,59.734,4.98
761,59.734,4.981
762,59.733,4.981
763,59.732,4.981
764,59.732,4.981
765,59.732,4.981
766,59.731,4.982
767,59.73,4.982
768,59.73,4.982
769,59.729,4.982
770,59.729,4.982
771,59.728,4.982
772,59.728,4.982
773,59.728,4.982
774,59.727,4.982
775,59.726,4.982
776,59.726,4.982
777,59.726,4.983
778,59.725,4.983
779,59.724,4.983
780,59.724,4.983
781,59.724,4.983
782,59.723,4.983
783,59.723,4.983
784,59.722,4.983
785,59.722,4.983
786,59.721,4.983
787,59.72,4.983
788,59.72,4.983
789,59.72,4.984
790,59.719,4.984
791,59.718,4.984
792,59.718,4.984
793,59.718,4.984
794,59.717,4.984
795,59.716,4.984
796,59.716,4.985
797,59.716,4.985
798,59.715,4.985
799,59.714,4.985
800,59.714,4.985
801,59.713,4.985
802,59.713,4.985
803,59.712,4.985
804,59.712,4.985
805,59.712,4.985
806,59.711,4.985
807,59.71,4.985
808,59.71,4.986
809,59.71,4.986
810,59.709,4.986
811,59.708,4.986
812,59.708,4.986
813,59.708,4.986
814,59.707,4.986
815,59.707,4.986
816,59.706,4.986
817,59.706,4.986
818,59.705,4.986
819,59.704,4.986
820,59.704,4.986
821,59.704,4.986
822,59.703,4.986
823,59.702,4.986
824,59.702,4.986
825,59.702,4.987
826,59.701,4.987
827,59.7,4.987
828,59.7,4.987
829,59.7,4.987
830,59.699,4.987
831,59.698,4.987
832,59.698,4.987
833,59.698,4.987
834,59.697,4.987
835,59.696,4.987
836,59.696,4.987
837,59.696,4.987
838,59.695,4.987
839,59.694,4.987
840,59.694,4.988
841,59.694,4.988
842,59.693,4.988
843,59.692,4.988
844,59.692,4.988
845,59.692,4.988
846,59.691,4.988
847,59.69,4.988
848,59.69,4.988
849,59.689,4.988
850,59.689,4.988
851,59.688,4.988
852,59.688,4.988
853,59.688,4.989
854,59.687,4.989
855,59.686,4.989
856,59.686,4.989
857,59.686,4.989
858,59.685,4.989
859,59.684,4.989
860,59.684,4.99
861,59.684,4.99
862,59.683,4.99
863,59.683,4.99
864,59.682,4.99
865,59.682,4.99
866,59.681,4.99
867,59.68,4.99
868,59.68,4.99
869,59.68,4.99
870,59.679,4.99
871,59.678,4.99
872,59.678,4.99
873,59.678,4.991
874,59.677,4.991
875,59.676,4.991
876,59.676,4.991
877,59.676,4.991
878,59.675,4.991
879,59.674,4.991
880,59.674,4.991
881,59.674,4.991
882,59.673,4.991
883,59.672,4.991
884,59.672,4.991
885,59.672,4.991
886,59.671,4.991
887,59.67,4.991
888,59.67,4.992
889,59.67,4.992
890,59.669,4.992
891,59.668,4.992
892,59.668,4.992
893,59.668,4.992
894,59.667,4.992
895,59.666,4.992
896,59.666,4.992
897,59.666,4.992
898,59.665,4.992
899,59.665,4.992
900,59.664,4.992
901,59.664,4.992
902,59.663,4.992
903,59.663,4.992
904,59.662,4.992
905,59.662,4.993
906,59.662,4.993
907,59.661,4.993
908,59.661,4.993
909,59.66,4.993
910,59.66,4.993
911,59.659,4.993
912,59.659,4.993
913,59.658,4.993
914,59.658,4.993
915,59.658,4.993
916,59.657,4.993
917,59.656,4.993
918,59.656,4.993
919,59.656,4.993
920,59.655,4.994
921,59.654,4.994
922,59.654,4.994
923,59.654,4.994
924,59.653,4.994
925,59.652,4.994
926,59.652,4.994
927,59.652,4.994
928,59.651,4.994
929,59.65,4.994
930,59.65,4.994
931,59.65,4.994
932,59.649,4.994
933,59.649,4.995
934,59.648,4.995
935,59.648,4.995
936,59.647,4.995
937,59.646,4.995
938,59.646,4.995
939,59.646,4.995
940,59.645,4.996
941,59.644,4.996
942,59.644,4.996
943,59.644,4.996
944,59.643,4.996
945,59.642,4.996
946,59.642,4.996
947,59.642,4.996
948,59.641,4.996
949,59.64,4.996
950,59.64,4.996
951,59.64,4.996
952,59.639,4.996
953,59.638,4.997
954,59.638,4.997
955,59.637,4.997
956,59.637,4.997
957,59.636,4.997
958,59.636,4.997
959,59.636,4.997
960,59.635,4.997
961,59.634,4.997
962,59.634,4.997
963,59.634,4.997
964,59.633,4.997
965,59.632,4.997
966,59.632,4.997
967,59.632,4.997
968,59.631,4.998
969,59.63,4.998
970,59.63,4.998
971,59.63,4.998
972,59.629,4.998
973,59.628,4.998
974,59.628,4.998
975,59.628,4.998
976,59.627,4.998
977,59.626,4.998
978,59.626,4.998
979,59.626,4.998
980,59.625,4.998
981,59.625,4.998
982,59.624,4.998
983,59.624,4.998
984,59.623,4.998
985,59.622,4.999
986,59.622,4.999
987,59.622,4.999
988,59.621,4.999
989,59.62,4.999
990,59.62,4.999
991,59.62,4.999
992,59.619,4.999
993,59.618,4.999
994,59.618,4.999
995,59.618,4.999
996,59.617,4.999
997,59.616,5.0
998,59.616,5.0
999,59.616,5.0
1000,59.615,5.0
1001,59.614,5.0
1002,59.614,5.0
1003,59.613,5.0
1004,59.613,5.001
1005,59.612,5.001
1006,59.612,5.001
1007,59.612,5.001
1008,59.611,5.001
1009,59.61,5.001
1010,59.61,5.001
1011,59.61,5.001
1012,59.609,5.001
1013,59.608,5.001
1014,59.608,5.001
1015,59.608,5.001
1016,59.607,5.002
1017,59.606,5.002
1018,59.606,5.002
1019,59.606,5.002
1020,59.605,5.002
1021,59.604,5.002
1022,59.604,5.002
1023,59.604,5.002
1024,59.603,5.002
1025,59.602,5.002
1026,59.602,5.002
1027,59.601,5.002
1028,59.601,5.002
1029,59.6,5.002
1030,59.6,5.002
1031,59.599,5.002
1032,59.598,5.002
1033,59.598,5.003
1034,59.597,5.003
1035,59.597,5.003
1036,59.596,5.003
1037,59.596,5.003
1038,59.595,5.003
1039,59.595,5.003
1040,59.594,5.003
1041,59.593,5.003
1042,59.593,5.003
1043,59.592,5.003
1044,59.592,5.003
1045,59.591,5.003
1046,59.591,5.003
1047,59.59,5.003
1048,59.59,5.004
1049,59.589,5.004
1050,59.588,5.004
1051,59.588,5.004
1052,59.587,5.004
1053,59.587,5.004
1054,59.586,5.004
1055,59.586,5.004
1056,59.585,5.004
1057,59.584,5.004
1058,59.584,5.004
1059,59.583,5.004
1060,59.583,5.004
1061,59.582,5.004
1062,59.582,5.004
1063,59.581,5.004
1064,59.58,5.004
1065,59.58,5.004
1066,59.579,5.004
1067,59.579,5.004
1068,59.578,5.004
1069,59.578,5.004
1070,59.577,5.004
1071,59.577,5.004
1072,59.576,5.004
1073,59.576,5.004
1074,59.575,5.004
1075,59.574,5.004
1076,59.574,5.004
1077,59.574,5.004
1078,59.573,5.004
1079,59.572,5.004
1080,59.572,5.004
1081,59.572,5.005
1082,59.571,5.005
1083,59.57,5.005
1084,59.57,5.005
1085,59.57,5.005
1086,59.569,5.005
1087,59.568,5.005
1088,59.568,5.005
1089,59.567,5.005
1090,59.567,5.005
1091,59.566,5.005
1092,59.566,5.005
1093,59.565,5.005
1094,59.565,5.005
1095,59.564,5.005
1096,59.564,5.006
1097,59.563,5.006
1098,59.562,5.006
1099,59.562,5.006
1100,59.561,5.006
1101,59.561,5.006
1102,59.56,5.006
1103,59.56,5.006
1104,59.559,5.006
1105,59.558,5.006
1106,59.558,5.006
1107,59.557,5.006
1108,59.557,5.006
1109,59.556,5.006
1110,59.556,5.006
1111,59.555,5.006
1112,59.554,5.006
1113,59.554,5.006
1114,59.553,5.006
1115,59.553,5.006
1116,59.552,5.006
1117,59.552,5.006
1118,59.551,5.006
1119,59.551,5.006
1120,59.55,5.006
1121,59.549,5.006
1122,59.549,5.006
1123,59.548,5.006
1124,59.548,5.006
1125,59.547,5.006
1126,59.547,5.006
1127,59.546,5.006
1128,59.546,5.006
1129,59.545,5.007
1130,59.544,5.007
1131,59.544,5.007
1132,59.543,5.007
1133,59.543,5.007
1134,59.542,5.007
1135,59.542,5.007
1136,59.541,5.007
1137,59.54,5.007
1138,59.54,5.007
1139,59.539,5.007
1140,59.539,5.007
1141,59.538,5.007
1142,59.538,5.007
1143,59.537,5.007
1144,59.536,5.008
1145,59.536,5.008
1146,59.535,5.008
1147,59.535,5.008
1148,59.534,5.008
1149,59.534,5.008
1150,59.533,5.008
1151,59.533,5.008
1152,59.532,5.008
1153,59.531,5.008
1154,59.531,5.008
1155,59.53,5.008
1156,59.53,5.008
1157,59.529,5.008
1158,59.529,5.008
1159,59.528,5.008
1160,59.528,5.008
1161,59.527,5.009
1162,59.526,5.009
1163,59.526,5.009
1164,59.525,5.009
1165,59.525,5.009
1166,59.524,5.009
1167,59.524,5.009
1168,59.523,5.009
1169,59.522,5.009
1170,59.522,5.009
1171,59.521,5.009
1172,59.521,5.009
1173,59.52,5.009
1174,59.52,5.009
1175,59.519,5.009
1176,59.518,5.01
1177,59.518,5.01
1178,59.517,5.01
1179,59.517,5.01
1180,59.516,5.01
1181,59.516,5.01
1182,59.515,5.01
1183,59.515,5.01
1184,59.514,5.01
1185,59.513,5.01
1186,59.513,5.01
1187,59.512,5.01
1188,59.512,5.01
1189,59.511,5.01
1190,59.511,5.01
1191,59.51,5.01
1192,59.51,5.01
1193,59.509,5.01
1194,59.508,5.01
1195,59.508,5.01
1196,59.507,5.01
1197,59.507,5.01
1198,59.506,5.01
1199,59.506,5.01
1200,59.505,5.01
1201,59.504,5.01
1202,59.504,5.01
1203,59.503,5.01
1204,59.503,5.01
1205,59.502,5.01
1206,59.502,5.01
1207,59.501,5.01
1208,59.5,5.01
1209,59.5,5.011
1210,59.499,5.011
1211,59.499,5.011
1212,59.498,5.011
1213,59.498,5.011
1214,59.497,5.011
1215,59.497,5.011
1216,59.496,5.011
1217,59.496,5.011
1218,59.495,5.011
1219,59.494,5.011
1220,59.494,5.011
1221,59.494,5.011
1222,59.493,5.011
1223,59.492,5.011
1224,59.492,5.012
1225,59.492,5.012
1226,59.491,5.012
1227,59.49,5.012
1228,59.49,5.012
1229,59.49,5.012
1230,59.489,5.012
1231,59.488,5.012
1232,59.488,5.012
1233,59.487,5.012
1234,59.487,5.012
1235,59.486,5.012
1236,59.486,5.012
1237,59.485,5.012
1238,59.485,5.012
1239,59.484,5.012
1240,59.484,5.012
1241,59.483,5.012
1242,59.482,5.012
1243,59.482,5.012
1244,59.481,5.012
1245,59.481,5.012
1246,59.48,5.012
1247,59.48,5.012
1248,59.479,5.012
1249,59.478,5.012
1250,59.478,5.012
1251,59.477,5.012
1252,59.477,5.012
1253,59.476,5.012
1254,59.476,5.012
1255,59.475,5.012
1256,59.474,5.012
1257,59.474,5.013
1258,59.473,5.013
1259,59.473,5.013
1260,59.472,5.013
1261,59.472,5.013
1262,59.471,5.013
1263,59.471,5.013
1264,59.47,5.013
1265,59.469,5.013
1266,59.469,5.013
1267,59.468,5.013
1268,59.468,5.013
1269,59.467,5.013
1270,59.467,5.013
1271,59.466,5.013
1272,59.466,5.014
1273,59.465,5.014
1274,59.464,5.014
1275,59.464,5.014
1276,59.463,5.014
1277,59.463,5.014
1278,59.462,5.014
1279,59.462,5.014
1280,59.461,5.014
1281,59.46,5.014
1282,59.46,5.014
1283,59.46,5.014
1284,59.459,5.014
1285,59.458,5.014
1286,59.458,5.014
1287,59.458,5.014
1288,59.457,5.014
1289,59.456,5.014
1290,59.456,5.014
1291,59.456,5.014
1292,59.455,5.014
1293,59.454,5.014
1294,59.454,5.014
1295,59.454,5.014
1296,59.453,5.014
1297,59.452,5.014
1298,59.452,5.014
1299,59.452,5.014
1300,59.451,5.014
1301,59.451,5.014
1302,59.45,5.014
1303,59.45,5.014
1304,59.449,5.014
1305,59.448,5.015
1306,59.448,5.015
1307,59.448,5.015
1308,59.447,5.015
1309,59.446,5.015
1310,59.446,5.015
1311,59.446,5.015
1312,59.445,5.015
1313,59.444,5.015
1314,59.444,5.015
1315,59.443,5.015
1316,59.443,5.015
1317,59.442,5.015
1318,59.442,5.015
1319,59.441,5.015
1320,59.44,5.015
1321,59.44,5.016
1322,59.439,5.016
1323,59.439,5.016
1324,59.438,5.016
1325,59.438,5.016
1326,59.437,5.016
1327,59.437,5.016
1328,59.436,5.016
1329,59.436,5.016
1330,59.435,5.016
1331,59.434,5.016
1332,59.434,5.016
1333,59.434,5.016
1334,59.433,5.016
1335,59.432,5.016
1336,59.432,5.016
1337,59.432,5.016
1338,59.431,5.016
1339,59.43,5.016
1340,59.43,5.016
1341,59.43,5.016
1342,59.429,5.016
1343,59.428,5.016
1344,59.428,5.016
1345,59.427,5.016
1346,59.427,5.016
1347,59.426,5.016
1348,59.426,5.016
1349,59.426,5.016
1350,59.425,5.016
1351,59.424,5.016
1352,59.424,5.017
1353,59.424,5.017
1354,59.423,5.017
1355,59.422,5.017
1356,59.422,5.017
1357,59.422,5.017
1358,59.421,5.017
1359,59.421,5.017
1360,59.42,5.017
1361,59.42,5.017
1362,59.419,5.017
1363,59.418,5.017
1364,59.418,5.017
1365,59.418,5.017
1366,59.417,5.017
1367,59.416,5.017
1368,59.416,5.017
1369,59.416,5.017
1370,59.415,5.017
1371,59.414,5.017
1372,59.414,5.017
1373,59.414,5.017
1374,59.413,5.017
1375,59.412,5.017
1376,59.412,5.017
1377,59.412,5.017
1378,59.411,5.017
1379,59.41,5.017
1380,59.41,5.017
1381,59.41,5.017
1382,59.409,5.017
1383,59.408,5.017
1384,59.408,5.018
1385,59.408,5.018
1386,59.407,5.018
1387,59.406,5.018
1388,59.406,5.018
1389,59.406,5.018
1390,59.405,5.018
1391,59.405,5.018
1392,59.404,5.018
1393,59.404,5.018
1394,59.403,5.018
1395,59.402,5.018
1396,59.402,5.018
1397,59.402,5.018
1398,59.401,5.018
1399,59.4,5.018
1400,59.4,5.018
1401,59.4,5.018
1402,59.399,5.018
1403,59.398,5.018
1404,59.398,5.018
1405,59.398,5.018
1406,59.397,5.018
1407,59.396,5.018
1408,59.396,5.018
1409,59.395,5.018
1410,59.395,5.018
1411,59.394,5.018
1412,59.394,5.018
1413,59.393,5.018
1414,59.393,5.018
1415,59.392,5.018
1416,59.392,5.018
1417,59.391,5.018
1418,59.39,5.018
1419,59.39,5.018
1420,59.389,5.018
1421,59.389,5.018
1422,59.388,5.018
1423,59.388,5.018
1424,59.387,5.018
1425,59.386,5.018
1426,59.386,5.018
1427,59.386,5.018
1428,59.385,5.018
1429,59.384,5.018
1430,59.384,5.018
1431,59.384,5.018
1432,59.383,5.018
1433,59.382,5.019
1434,59.382,5.019
1435,59.381,5.019
1436,59.381,5.019
1437,59.38,5.019
1438,59.38,5.019
1439,59.38,5.019
1440,59.379,5.019
1441,59.378,5.019
1442,59.378,5.019
1443,59.378,5.019
1444,59.377,5.019
1445,59.376,5.019
1446,59.376,5.019
1447,59.376,5.019
1448,59.375,5.02
1449,59.374,5.02
1450,59.374,5.02
1451,59.374,5.02
1452,59.373,5.02
1453,59.372,5.02
1454,59.372,5.02
1455,59.372,5.02
1456,59.371,5.02
1457,59.37,5.02
1458,59.37,5.02
1459,59.37,5.02
1460,59.369,5.02
1461,59.369,5.02
1462,59.368,5.02
1463,59.368,5.02
1464,59.367,5.02
1465,59.366,5.02
1466,59.366,5.02
1467,59.366,5.02
1468,59.365,5.02
1469,59.364,5.02
1470,59.364,5.02
1471,59.364,5.02
1472,59.363,5.02
1473,59.362,5.02
1474,59.362,5.02
1475,59.362,5.02
1476,59.361,5.02
1477,59.36,5.02
1478,59.36,5.02
1479,59.36,5.02
1480,59.359,5.02
1481,59.358,5.02
1482,59.358,5.02
1483,59.357,5.02
1484,59.357,5.02
1485,59.356,5.02
1486,59.356,5.02
1487,59.356,5.02
1488,59.355,5.02
1489,59.354,5.02
1490,59.354,5.02
1491,59.353,5.02
1492,59.353,5.02
1493,59.352,5.02
1494,59.352,5.02
1495,59.351,5.02
1496,59.35,5.02
1497,59.35,5.021
1498,59.349,5.021
1499,59.349,5.021
1500,59.348,5.021
1501,59.348,5.021
1502,59.347,5.021
1503,59.347,5.021
1504,59.346,5.021
1505,59.345,5.021
1506,59.345,5.021
1507,59.344,5.021
1508,59.344,5.021
1509,59.344,5.021
1510,59.343,5.021
1511,59.342,5.021
1512,59.342,5.022
1513,59.342,5.022
1514,59.341,5.022
1515,59.34,5.022
1516,59.34,5.022
1517,59.34,5.022
1518,59.339,5.022
1519,59.338,5.022
1520,59.338,5.022
1521,59.338,5.022
1522,59.337,5.022
1523,59.336,5.022
1524,59.336,5.022
1525,59.336,5.022
1526,59.335,5.022
1527,59.334,5.022
1528,59.334,5.022
1529,59.334,5.022
1530,59.333,5.022
1531,59.332,5.022
1532,59.332,5.022
1533,59.332,5.022
1534,59.331,5.022
1535,59.33,5.022
1536,59.33,5.022
1537,59.329,5.022
1538,59.329,5.022
1539,59.328,5.022
1540,59.328,5.022
1541,59.328,5.023
1542,59.327,5.023
1543,59.326,5.023
1544,59.326,5.023
1545,59.326,5.023
1546,59.325,5.023
1547,59.324,5.023
1548,59.324,5.024
1549,59.324,5.024
1550,59.323,5.024
1551,59.323,5.024
1552,59.322,5.024
1553,59.321,5.024
1554,59.321,5.024
1555,59.32,5.024
1556,59.32,5.024
1557,59.319,5.025
1558,59.319,5.025
1559,59.318,5.025
1560,59.318,5.025
1561,59.317,5.025
1562,59.316,5.025
1563,59.316,5.025
1564,59.315,5.026
1565,59.315,5.026
1566,59.314,5.026
1567,59.314,5.026
1568,59.313,5.026
1569,59.312,5.026
1570,59.312,5.026
1571,59.312,5.027
1572,59.311,5.027
1573,59.311,5.027
1574,59.31,5.027
1575,59.31,5.027
1576,59.309,5.028
1577,59.308,5.028
1578,59.308,5.028
1579,59.308,5.028
1580,59.307,5.028
1581,59.306,5.028
1582,59.306,5.029
1583,59.306,5.029
1584,59.305,5.029
1585,59.304,5.029
1586,59.304,5.029
1587,59.303,5.029
1588,59.303,5.03
1589,59.302,5.03
1590,59.302,5.03
1591,59.301,5.03
1592,59.3,5.03
1593,59.3,5.03
1594,59.299,5.03
1595,59.299,5.03
1596,59.298,5.03
1597,59.298,5.031
1598,59.297,5.031
1599,59.297,5.031
1600,59.296,5.031
1601,59.296,5.031
1602,59.295,5.031
1603,59.294,5.031
1604,59.294,5.031
1605,59.294,5.032
1606,59.293,5.032
1607,59.292,5.032
1608,59.292,5.032
1609,59.292,5.032
1610,59.291,5.032
1611,59.29,5.032
1612,59.29,5.033
1613,59.29,5.033
1614,59.289,5.033
1615,59.288,5.033
1616,59.288,5.033
1617,59.287,5.033
1618,59.287,5.033
1619,59.286,5.034
1620,59.286,5.034
1621,59.285,5.034
1622,59.285,5.034
1623,59.284,5.034
1624,59.284,5.034
1625,59.283,5.035
1626,59.282,5.035
1627,59.282,5.035
1628,59.281,5.035
1629,59.281,5.035
1630,59.28,5.036
1631,59.28,5.036
1632,59.279,5.036
1633,59.278,5.036
1634,59.278,5.036
1635,59.278,5.036
1636,59.277,5.036
1637,59.277,5.037
1638,59.276,5.037
1639,59.276,5.037
1640,59.275,5.037
1641,59.274,5.037
1642,59.274,5.037
1643,59.274,5.037
1644,59.273,5.038
1645,59.272,5.038
1646,59.272,5.038
1647,59.272,5.038
1648,59.271,5.038
1649,59.27,5.038
1650,59.27,5.038
1651,59.269,5.038
1652,59.269,5.038
1653,59.268,5.039
1654,59.268,5.039
1655,59.267,5.039
1656,59.266,5.039
1657,59.266,5.039
1658,59.265,5.039
1659,59.265,5.039
1660,59.264,5.04
1661,59.264,5.04
1662,59.263,5.04
1663,59.263,5.04
1664,59.262,5.04
1665,59.262,5.04
1666,59.261,5.04
1667,59.26,5.04
1668,59.26,5.04
1669,59.26,5.041
1670,59.259,5.041
1671,59.258,5.041
1672,59.258,5.041
1673,59.258,5.041
1674,59.257,5.041
1675,59.256,5.041
1676,59.256,5.042
1677,59.256,5.042
1678,59.255,5.042
1679,59.254,5.042
1680,59.254,5.042
1681,59.253,5.042
1682,59.253,5.042
1683,59.252,5.042
1684,59.252,5.042
1685,59.252,5.043
1686,59.251,5.043
1687,59.25,5.043
1688,59.25,5.043
1689,59.25,5.043
1690,59.249,5.043
1691,59.248,5.043
1692,59.248,5.044
1693,59.248,5.044
1694,59.247,5.044
1695,59.247,5.044
1696,59.246,5.044
1697,59.245,5.044
1698,59.245,5.044
1699,59.244,5.045
1700,59.244,5.045
1701,59.243,5.045
1702,59.243,5.045
1703,59.242,5.045
1704,59.242,5.046
1705,59.241,5.046
1706,59.24,5.046
1707,59.24,5.046
1708,59.239,5.046
1709,59.239,5.046
1710,59.238,5.047
1711,59.238,5.047
1712,59.237,5.047
1713,59.236,5.047
1714,59.236,5.047
1715,59.236,5.047
1716,59.235,5.047
1717,59.235,5.048
1718,59.234,5.048
1719,59.234,5.048
1720,59.233,5.048
1721,59.232,5.048
1722,59.232,5.048
1723,59.232,5.048
1724,59.231,5.049
1725,59.23,5.049
1726,59.23,5.049
1727,59.23,5.049
1728,59.229,5.049
1729,59.228,5.049
1730,59.228,5.049
1731,59.227,5.049
1732,59.227,5.05
1733,59.226,5.05
1734,59.226,5.05
1735,59.225,5.05
1736,59.224,5.05
1737,59.224,5.05
1738,59.223,5.05
1739,59.223,5.05
1740,59.222,5.05
1741,59.222,5.051
1742,59.221,5.051
1743,59.221,5.051
1744,59.22,5.051
1745,59.22,5.051
1746,59.219,5.051
1747,59.218,5.052
1748,59.218,5.052
1749,59.218,5.052
1750,59.217,5.052
1751,59.216,5.052
1752,59.216,5.052
1753,59.216,5.053
1754,59.215,5.053
1755,59.214,5.053
1756,59.214,5.053
1757,59.214,5.053
1758,59.213,5.054
1759,59.213,5.054
1760,59.212,5.054
1761,59.211,5.054
1762,59.211,5.054
1763,59.21,5.054
1764,59.21,5.054
1765,59.209,5.055
1766,59.209,5.055
1767,59.208,5.055
1768,59.208,5.055
1769,59.207,5.055
1770,59.206,5.055
1771,59.206,5.055
1772,59.205,5.056
1773,59.205,5.056
1774,59.204,5.056
1775,59.204,5.056
1776,59.203,5.056
1777,59.202,5.056
1778,59.202,5.056
1779,59.202,5.056
1780,59.201,5.056
1781,59.201,5.057
1782,59.2,5.057
1783,59.2,5.057
1784,59.199,5.057
1785,59.198,5.057
1786,59.198,5.057
1787,59.198,5.057
1788,59.197,5.058
1789,59.196,5.058
1790,59.196,5.058
1791,59.196,5.058
1792,59.195,5.058
1793,59.194,5.059
1794,59.194,5.059
1795,59.194,5.06
1796,59.193,5.06
1797,59.192,5.061
1798,59.192,5.061
1799,59.192,5.062
1800,59.191,5.062
1801,59.19,5.063
1802,59.19,5.064
1803,59.189,5.064
1804,59.189,5.065
1805,59.188,5.065
1806,59.188,5.066
1807,59.188,5.066
1808,59.187,5.067
1809,59.187,5.068
1810,59.186,5.068
1811,59.186,5.069
1812,59.185,5.069
1813,59.185,5.07
1814,59.184,5.07
1815,59.184,5.071
1816,59.183,5.072
1817,59.183,5.072
1818,59.183,5.073
1819,59.182,5.073
1820,59.182,5.074
1821,59.181,5.074
1822,59.181,5.075
1823,59.18,5.075
1824,59.18,5.076
1825,59.18,5.077
1826,59.179,5.077
1827,59.178,5.078
1828,59.178,5.078
1829,59.178,5.079
1830,59.177,5.08
1831,59.176,5.08
1832,59.176,5.081
1833,59.176,5.082
1834,59.175,5.082
1835,59.174,5.083
1836,59.174,5.084
1837,59.174,5.084
1838,59.173,5.085
1839,59.172,5.085
1840,59.172,5.086
1841,59.172,5.087
1842,59.171,5.087
1843,59.171,5.088
1844,59.17,5.088
1845,59.17,5.089
1846,59.169,5.089
1847,59.169,5.09
1848,59.168,5.091
1849,59.168,5.091
1850,59.168,5.092
1851,59.167,5.092
1852,59.167,5.093
1853,59.166,5.093
1854,59.166,5.094
1855,59.165,5.094
1856,59.165,5.095
1857,59.164,5.096
1858,59.164,5.096
1859,59.164,5.097
1860,59.163,5.097
1861,59.162,5.098
1862,59.162,5.098
1863,59.162,5.099
1864,59.161,5.1
1865,59.16,5.1
1866,59.16,5.101
1867,59.159,5.101
1868,59.159,5.102
1869,59.158,5.102
1870,59.158,5.103
1871,59.158,5.103
1872,59.157,5.104
1873,59.156,5.105
1874,59.156,5.105
1875,59.156,5.106
1876,59.155,5.106
1877,59.154,5.107
1878,59.154,5.107
1879,59.154,5.108
1880,59.153,5.108
1881,59.152,5.109
1882,59.152,5.11
1883,59.152,5.11
1884,59.151,5.111
1885,59.15,5.111
1886,59.15,5.112
1887,59.15,5.112
1888,59.149,5.113
1889,59.149,5.114
1890,59.148,5.114
1891,59.148,5.115
1892,59.147,5.115
1893,59.147,5.116
1894,59.146,5.116
1895,59.146,5.117
1896,59.146,5.118
1897,59.145,5.118
1898,59.145,5.119
1899,59.144,5.119
1900,59.144,5.12
1901,59.143,5.12
1902,59.143,5.121
1903,59.142,5.121
1904,59.142,5.122
1905,59.142,5.123
1906,59.141,5.123
1907,59.14,5.124
1908,59.14,5.124
1909,59.14,5.125
1910,59.139,5.126
1911,59.138,5.126
1912,59.138,5.127
1913,59.138,5.128
1914,59.137,5.128
1915,59.136,5.129
1916,59.136,5.13
1917,59.136,5.13
1918,59.135,5.131
1919,59.134,5.131
1920,59.134,5.132
1921,59.134,5.133
1922,59.133,5.133
1923,59.132,5.134
1924,59.132,5.134
1925,59.132,5.135
1926,59.131,5.135
1927,59.13,5.136
1928,59.13,5.136
1929,59.13,5.137
1930,59.129,5.138
1931,59.128,5.138
1932,59.128,5.139
1933,59.128,5.139
1934,59.127,5.14
1935,59.126,5.14
1936,59.126,5.141
1937,59.126,5.142
1938,59.125,5.142
1939,59.125,5.143
1940,59.124,5.143
1941,59.124,5.144
1942,59.123,5.144
1943,59.123,5.145
1944,59.122,5.146
1945,59.122,5.146
1946,59.122,5.147
1947,59.121,5.147
1948,59.121,5.148
1949,59.12,5.148
1950,59.12,5.149
1951,59.119,5.149
1952,59.119,5.15
1953,59.118,5.151
1954,59.118,5.151
1955,59.118,5.152
1956,59.117,5.152
1957,59.116,5.153
1958,59.116,5.153
1959,59.116,5.154
1960,59.115,5.155
1961,59.114,5.155
1962,59.114,5.156
1963,59.113,5.156
1964,59.113,5.157
1965,59.112,5.157
1966,59.112,5.158
1967,59.112,5.158
1968,59.111,5.159
1969,59.111,5.16
1970,59.11,5.16
1971,59.11,5.161
1972,59.109,5.161
1973,59.109,5.162
1974,59.108,5.162
1975,59.108,5.163
1976,59.108,5.164
1977,59.107,5.164
1978,59.107,5.165
1979,59.106,5.165
1980,59.106,5.166
1981,59.105,5.166
1982,59.105,5.167
1983,59.104,5.167
1984,59.104,5.168
1985,59.104,5.169
1986,59.103,5.169
1987,59.102,5.17
1988,59.102,5.17
1989,59.102,5.171
1990,59.101,5.171
1991,59.1,5.172
1992,59.1,5.172
1993,59.1,5.173
1994,59.099,5.174
1995,59.098,5.174
1996,59.098,5.175
1997,59.098,5.175
1998,59.097,5.176
1999,59.096,5.176
2000,59.096,5.177
2001,59.095,5.178
2002,59.095,5.178
2003,59.094,5.179
2004,59.094,5.18
2005,59.094,5.18
2006,59.093,5.181
2007,59.092,5.181
2008,59.092,5.182
2009,59.092,5.183
2010,59.091,5.183
2011,59.09,5.184
2012,59.09,5.184
2013,59.09,5.185
2014,59.089,5.186
2015,59.088,5.186
2016,59.088,5.187
2017,59.088,5.188
2018,59.087,5.188
2019,59.087,5.189
2020,59.086,5.189
2021,59.086,5.19
2022,59.085,5.19
2023,59.085,5.191
2024,59.085,5.192
2025,59.084,5.192
2026,59.084,5.193
2027,59.083,5.193
2028,59.083,5.194
2029,59.082,5.194
2030,59.082,5.195
2031,59.081,5.195
2032,59.081,5.196
2033,59.08,5.197
2034,59.08,5.197
2035,59.08,5.198
2036,59.079,5.198
2037,59.079,5.199
2038,59.078,5.199
2039,59.078,5.2
2040,59.077,5.2
2041,59.076,5.201
2042,59.076,5.202
2043,59.076,5.202
2044,59.075,5.203
2045,59.074,5.203
2046,59.074,5.204
2047,59.074,5.204
2048,59.073,5.205
2049,59.073,5.206
2050,59.072,5.206
2051,59.072,5.207
2052,59.072,5.208
2053,59.071,5.208
2054,59.071,5.209
2055,59.07,5.21
2056,59.07,5.21
2057,59.07,5.211
2058,59.069,5.212
2059,59.069,5.213
2060,59.068,5.213
2061,59.068,5.214
2062,59.068,5.215
2063,59.067,5.215
2064,59.067,5.216
2065,59.067,5.217
2066,59.066,5.217
2067,59.066,5.218
2068,59.066,5.219
2069,59.065,5.219
2070,59.065,5.22
2071,59.064,5.221
2072,59.064,5.222
2073,59.064,5.222
2074,59.063,5.223
2075,59.063,5.224
2076,59.062,5.224
2077,59.062,5.225
2078,59.062,5.226
2079,59.061,5.226
2080,59.061,5.227
2081,59.061,5.228
2082,59.06,5.228
2083,59.06,5.229
2084,59.06,5.23
2085,59.059,5.23
2086,59.059,5.231
2087,59.059,5.232
2088,59.058,5.232
2089,59.058,5.233
2090,59.058,5.234
2091,59.058,5.235
2092,59.057,5.235
2093,59.057,5.236
2094,59.057,5.237
2095,59.056,5.237
2096,59.056,5.238
2097,59.056,5.239
2098,59.055,5.24
2099,59.055,5.24
2100,59.054,5.241
2101,59.054,5.242
2102,59.054,5.243
2103,59.053,5.243
2104,59.053,5.244
2105,59.053,5.245
2106,59.052,5.246
2107,59.052,5.246
2108,59.052,5.247
2109,59.051,5.248
2110,59.051,5.248
2111,59.05,5.249
2112,59.05,5.25
2113,59.05,5.251
2114,59.049,5.251
2115,59.049,5.252
2116,59.048,5.253
2117,59.048,5.253
2118,59.048,5.254
2119,59.047,5.255
2120,59.047,5.256
2121,59.047,5.256
2122,59.046,5.257
2123,59.046,5.258
2124,59.046,5.258
2125,59.045,5.259
2126,59.045,5.26
2127,59.044,5.26
2128,59.044,5.261
2129,59.044,5.262
2130,59.043,5.262
2131,59.043,5.263
2132,59.042,5.264
2133,59.042,5.264
2134,59.042,5.265
2135,59.041,5.266
2136,59.041,5.267
2137,59.041,5.267
2138,59.04,5.268
2139,59.04,5.269
2140,59.04,5.269
2141,59.039,5.27
2142,59.039,5.271
2143,59.038,5.271
2144,59.038,5.272
2145,59.038,5.273
2146,59.037,5.273
2147,59.037,5.274
2148,59.036,5.275
2149,59.036,5.275
2150,59.036,5.276
2151,59.035,5.277
2152,59.035,5.278
2153,59.035,5.278
2154,59.034,5.279
2155,59.034,5.28
2156,59.034,5.28
2157,59.033,5.281
2158,59.033,5.282
2159,59.032,5.282
2160,59.032,5.283
2161,59.032,5.284
2162,59.031,5.284
2163,59.031,5.285
2164,59.03,5.286
2165,59.03,5.286
2166,59.03,5.287
2167,59.029,5.288
2168,59.029,5.288
2169,59.029,5.289
2170,59.028,5.29
2171,59.028,5.291
2172,59.028,5.291
2173,59.027,5.292
2174,59.027,5.293
2175,59.026,5.293
2176,59.026,5.294
2177,59.026,5.295
2178,59.025,5.295
2179,59.025,5.296
2180,59.025,5.297
2181,59.024,5.297
2182,59.024,5.298
2183,59.024,5.299
2184,59.024,5.3
2185,59.023,5.3
2186,59.023,5.301
2187,59.023,5.302
2188,59.022,5.302
2189,59.022,5.303
2190,59.022,5.304
2191,59.021,5.304
2192,59.021,5.305
2193,59.021,5.306
2194,59.02,5.306
2195,59.02,5.307
2196,59.02,5.308
2197,59.019,5.308
2198,59.019,5.309
2199,59.018,5.31
2200,59.018,5.31
2201,59.018,5.311
2202,59.017,5.312
2203,59.017,5.313
2204,59.016,5.313
2205,59.016,5.314
2206,59.016,5.315
2207,59.015,5.315
2208,59.015,5.316
2209,59.015,5.317
2210,59.014,5.317
2211,59.014,5.318
2212,59.014,5.319
2213,59.013,5.319
2214,59.013,5.32
2215,59.012,5.321
2216,59.012,5.322
2217,59.012,5.322
2218,59.011,5.323
2219,59.011,5.324
2220,59.01,5.324
2221,59.01,5.325
2222,59.01,5.326
2223,59.009,5.326
2224,59.009,5.327
2225,59.009,5.328
2226,59.008,5.328
2227,59.008,5.329
2228,59.008,5.33
2229,59.007,5.33
2230,59.007,5.331
2231,59.006,5.332
2232,59.006,5.332
2233,59.006,5.333
2234,59.005,5.334
2235,59.005,5.335
2236,59.004,5.335
2237,59.004,5.336
2238,59.004,5.337
2239,59.003,5.337
2240,59.003,5.338
2241,59.003,5.339
2242,59.002,5.34
2243,59.002,5.34
2244,59.002,5.341
2245,59.001,5.342
2246,59.001,5.342
2247,59.0,5.343
2248,59.0,5.344
2249,59.0,5.345
2250,58.999,5.345
2251,58.999,5.346
2252,58.998,5.347
2253,58.998,5.348
2254,58.998,5.348
2255,58.997,5.349
2256,58.997,5.35
2257,58.997,5.351
2258,58.996,5.351
2259,58.996,5.352
2260,58.996,5.353
2261,58.995,5.353
2262,58.995,5.354
2263,58.995,5.355
2264,58.994,5.355
2265,58.994,5.356
2266,58.994,5.357
2267,58.994,5.358
2268,58.993,5.358
2269,58.993,5.359
2270,58.993,5.36
2271,58.992,5.36
2272,58.992,5.361
2273,58.992,5.362
2274,58.991,5.362
2275,58.991,5.363
2276,58.99,5.364
2277,58.99,5.364
2278,58.99,5.365
2279,58.989,5.366
2280,58.989,5.366
2281,58.989,5.367
2282,58.988,5.368
2283,58.988,5.369
2284,58.988,5.369
2285,58.987,5.37
2286,58.987,5.371
2287,58.986,5.371
2288,58.986,5.372
2289,58.986,5.373
2290,58.985,5.373
2291,58.985,5.374
2292,58.984,5.375
2293,58.984,5.375
2294,58.984,5.376
2295,58.983,5.377
2296,58.983,5.377
2297,58.983,5.378
2298,58.982,5.379
2299,58.982,5.38
2300,58.982,5.38
2301,58.981,5.381
2302,58.981,5.382
2303,58.98,5.382
2304,58.98,5.383
2305,58.98,5.384
2306,58.98,5.384
2307,58.979,5.385
2308,58.979,5.386
2309,58.979,5.387
2310,58.979,5.388
2311,58.979,5.388
2312,58.978,5.389
2313,58.978,5.39
2314,58.978,5.39
2315,58.978,5.391
2316,58.978,5.392
2317,58.978,5.393
2318,58.977,5.393
2319,58.977,5.394
2320,58.977,5.395
2321,58.977,5.396
2322,58.976,5.397
2323,58.976,5.397
2324,58.976,5.398
2325,58.976,5.399
2326,58.976,5.4
2327,58.975,5.401
2328,58.975,5.402
2329,58.975,5.402
2330,58.974,5.403
2331,58.974,5.404
2332,58.974,5.405
2333,58.974,5.406
2334,58.974,5.406
2335,58.973,5.407
2336,58.973,5.408
2337,58.973,5.409
2338,58.973,5.41
2339,58.972,5.41
2340,58.972,5.411
2341,58.972,5.412
2342,58.972,5.413
2343,58.972,5.413
2344,58.972,5.414
2345,58.971,5.415
2346,58.971,5.416
2347,58.971,5.416
2348,58.971,5.417
2349,58.971,5.418
2350,58.97,5.418
2351,58.97,5.419
2352,58.97,5.42
2353,58.97,5.421
2354,58.97,5.422
2355,58.969,5.422
2356,58.969,5.423
2357,58.969,5.424
2358,58.968,5.424
2359,58.968,5.425
2360,58.968,5.426
2361,58.968,5.427
2362,58.968,5.428
2363,58.967,5.428
2364,58.967,5.429
2365,58.967,5.43
2366,58.966,5.43
2367,58.966,5.431
2368,58.966,5.432
2369,58.966,5.433
2370,58.966,5.434
2371,58.965,5.434
2372,58.965,5.435
2373,58.965,5.436
2374,58.965,5.437
2375,58.965,5.438
2376,58.964,5.438
2377,58.964,5.439
2378,58.964,5.44
2379,58.964,5.441
2380,58.964,5.442
2381,58.964,5.443
2382,58.963,5.443
2383,58.963,5.444
2384,58.963,5.445
2385,58.963,5.446
2386,58.962,5.446
2387,58.962,5.447
2388,58.962,5.448
2389,58.962,5.449
2390,58.962,5.45
2391,58.961,5.45
2392,58.961,5.451
2393,58.961,5.452
2394,58.96,5.452
2395,58.96,5.453
2396,58.96,5.454
2397,58.96,5.455
2398,58.96,5.456
2399,58.959,5.456
2400,58.959,5.457
2401,58.959,5.458
2402,58.959,5.458
2403,58.958,5.459
2404,58.958,5.46
2405,58.958,5.461
2406,58.958,5.462
2407,58.958,5.462
2408,58.958,5.463
2409,58.957,5.464
2410,58.957,5.464
2411,58.957,5.465
2412,58.957,5.466
2413,58.957,5.467
2414,58.956,5.468
2415,58.956,5.468
2416,58.956,5.469
2417,58.956,5.47
2418,58.956,5.471
2419,58.955,5.471
2420,58.955,5.472
2421,58.955,5.473
2422,58.954,5.474
2423,58.954,5.475
2424,58.954,5.476
2425,58.954,5.476
2426,58.954,5.477
2427,58.953,5.478
2428,58.953,5.479
2429,58.953,5.48
2430,58.952,5.48
2431,58.952,5.481
2432,58.952,5.482
2433,58.952,5.483
2434,58.952,5.484
2435,58.951,5.484
2436,58.951,5.485
2437,58.951,5.486
2438,58.951,5.486
2439,58.951,5.487
2440,58.95,5.488
2441,58.95,5.489
2442,58.95,5.49
2443,58.95,5.49
2444,58.95,5.491
2445,58.95,5.492
2446,58.949,5.492
2447,58.949,5.493
2448,58.949,5.494
2449,58.949,5.495
2450,58.949,5.496
2451,58.948,5.496
2452,58.948,5.497
2453,58.948,5.498
2454,58.948,5.498
2455,58.948,5.499
2456,58.948,5.5
2457,58.947,5.501
2458,58.947,5.502
2459,58.947,5.502
2460,58.947,5.503
2461,58.947,5.504
2462,58.946,5.504
2463,58.946,5.505
2464,58.946,5.506
2465,58.946,5.507
2466,58.945,5.508
2467,58.945,5.508
2468,58.945,5.509
2469,58.945,5.51
2470,58.944,5.51
2471,58.944,5.511
2472,58.944,5.512
2473,58.944,5.513
2474,58.944,5.514
2475,58.943,5.514
2476,58.943,5.515
2477,58.943,5.516
2478,58.942,5.516
2479,58.942,5.517
2480,58.942,5.518
2481,58.942,5.519
2482,58.942,5.52
2483,58.941,5.52
2484,58.941,5.521
2485,58.941,5.522
2486,58.941,5.523
2487,58.941,5.524
2488,58.94,5.524
2489,58.94,5.525
2490,58.94,5.526
2491,58.94,5.527
2492,58.94,5.528
2493,58.94,5.529
2494,58.939,5.529
2495,58.939,5.53
2496,58.939,5.531
