,0,1
0,63.458,10.382
1,63.458,10.381
2,63.458,10.38
3,63.458,10.378
4,63.458,10.377
5,63.458,10.376
6,63.458,10.375
7,63.458,10.374
8,63.458,10.372
9,63.458,10.371
10,63.458,10.37
11,63.458,10.369
12,63.458,10.368
13,63.458,10.367
14,63.458,10.365
15,63.458,10.364
16,63.458,10.363
17,63.458,10.362
18,63.458,10.361
19,63.458,10.36
20,63.458,10.358
21,63.458,10.357
22,63.458,10.356
23,63.458,10.355
24,63.458,10.354
25,63.458,10.353
26,63.458,10.352
27,63.458,10.351
28,63.458,10.35
29,63.458,10.348
30,63.458,10.347
31,63.458,10.346
32,63.458,10.345
33,63.458,10.344
34,63.458,10.343
35,63.458,10.341
36,63.458,10.34
37,63.458,10.339
38,63.458,10.338
39,63.458,10.337
40,63.458,10.336
41,63.458,10.334
42,63.458,10.333
43,63.458,10.332
44,63.458,10.331
45,63.458,10.33
46,63.458,10.328
47,63.458,10.327
48,63.458,10.326
49,63.458,10.325
50,63.458,10.324
51,63.458,10.323
52,63.458,10.322
53,63.458,10.32
54,63.458,10.319
55,63.458,10.318
56,63.458,10.317
57,63.458,10.316
58,63.458,10.315
59,63.458,10.314
60,63.458,10.312
61,63.458,10.311
62,63.458,10.31
63,63.458,10.309
64,63.458,10.308
65,63.458,10.307
66,63.458,10.306
67,63.458,10.304
68,63.458,10.303
69,63.458,10.302
70,63.458,10.301
71,63.458,10.3
72,63.458,10.298
73,63.458,10.297
74,63.458,10.296
75,63.458,10.295
76,63.458,10.294
77,63.458,10.293
78,63.458,10.291
79,63.458,10.29
80,63.458,10.289
81,63.458,10.288
82,63.458,10.287
83,63.458,10.285
84,63.458,10.284
85,63.458,10.283
86,63.458,10.282
87,63.458,10.281
88,63.458,10.279
89,63.458,10.278
90,63.458,10.277
91,63.458,10.276
92,63.458,10.275
93,63.458,10.274
94,63.458,10.272
95,63.458,10.271
96,63.458,10.27
97,63.458,10.269
98,63.458,10.268
99,63.458,10.267
100,63.458,10.266
101,63.458,10.264
102,63.458,10.263
103,63.458,10.262
104,63.458,10.261
105,63.458,10.26
106,63.458,10.259
107,63.458,10.258
108,63.458,10.256
109,63.458,10.255
110,63.458,10.254
111,63.458,10.253
112,63.458,10.252
113,63.458,10.251
114,63.458,10.25
115,63.458,10.248
116,63.458,10.247
117,63.458,10.246
118,63.458,10.245
119,63.458,10.244
120,63.458,10.242
121,63.458,10.241
122,63.458,10.24
123,63.458,10.239
124,63.458,10.238
125,63.458,10.237
126,63.458,10.235
127,63.458,10.234
128,63.458,10.233
129,63.458,10.232
130,63.458,10.231
131,63.458,10.229
132,63.458,10.228
133,63.458,10.227
134,63.458,10.226
135,63.458,10.225
136,63.458,10.224
137,63.458,10.222
138,63.458,10.221
139,63.458,10.22
140,63.458,10.219
141,63.458,10.218
142,63.458,10.216
143,63.458,10.215
144,63.458,10.214
145,63.458,10.213
146,63.458,10.212
147,63.458,10.211
148,63.458,10.21
149,63.458,10.208
150,63.458,10.207
151,63.458,10.206
152,63.458,10.205
153,63.458,10.204
154,63.458,10.203
155,63.458,10.202
156,63.458,10.2
157,63.458,10.199
158,63.458,10.198
159,63.458,10.197
160,63.458,10.196
161,63.458,10.195
162,63.458,10.194
163,63.458,10.192
164,63.458,10.191
165,63.458,10.19
166,63.458,10.189
167,63.458,10.188
168,63.458,10.186
169,63.458,10.185
170,63.458,10.184
171,63.458,10.183
172,63.458,10.182
173,63.458,10.181
174,63.458,10.179
175,63.458,10.178
176,63.458,10.177
177,63.458,10.176
178,63.458,10.175
179,63.458,10.173
180,63.458,10.172
181,63.458,10.171
182,63.458,10.17
183,63.458,10.169
184,63.458,10.168
185,63.458,10.166
186,63.458,10.165
187,63.458,10.164
188,63.458,10.163
189,63.458,10.162
190,63.458,10.16
191,63.458,10.159
192,63.458,10.158
193,63.458,10.157
194,63.458,10.156
195,63.458,10.155
196,63.458,10.154
197,63.458,10.152
198,63.458,10.151
199,63.458,10.15
200,63.458,10.149
201,63.458,10.148
202,63.458,10.147
203,63.458,10.146
204,63.458,10.144
205,63.458,10.143
206,63.458,10.142
207,63.458,10.141
208,63.458,10.14
209,63.458,10.139
210,63.458,10.138
211,63.458,10.136
212,63.458,10.135
213,63.458,10.134
214,63.458,10.133
215,63.458,10.132
216,63.458,10.131
217,63.458,10.129
218,63.458,10.128
219,63.458,10.127
220,63.458,10.126
221,63.458,10.125
222,63.458,10.123
223,63.458,10.122
224,63.458,10.121
225,63.458,10.12
226,63.458,10.119
227,63.458,10.118
228,63.458,10.116
229,63.458,10.115
230,63.458,10.114
231,63.458,10.113
232,63.458,10.112
233,63.458,10.111
234,63.458,10.11
235,63.458,10.109
236,63.458,10.108
237,63.458,10.106
238,63.458,10.105
239,63.458,10.104
240,63.458,10.103
241,63.458,10.102
242,63.458,10.101
243,63.458,10.099
244,63.458,10.098
245,63.458,10.097
246,63.458,10.096
247,63.458,10.095
248,63.458,10.093
249,63.458,10.092
250,63.458,10.091
251,63.458,10.09
252,63.458,10.089
253,63.458,10.088
254,63.458,10.086
255,63.458,10.085
256,63.458,10.084
257,63.458,10.083
258,63.459,10.082
259,63.459,10.081
260,63.459,10.08
261,63.46,10.079
262,63.46,10.078
263,63.46,10.077
264,63.46,10.076
265,63.461,10.076
266,63.461,10.075
267,63.461,10.074
268,63.462,10.073
269,63.462,10.072
270,63.462,10.071
271,63.463,10.07
272,63.463,10.069
273,63.463,10.068
274,63.464,10.067
275,63.464,10.066
276,63.464,10.065
277,63.465,10.064
278,63.465,10.063
279,63.465,10.062
280,63.466,10.062
281,63.466,10.061
282,63.466,10.06
283,63.466,10.059
284,63.467,10.058
285,63.467,10.057
286,63.467,10.056
287,63.468,10.055
288,63.468,10.054
289,63.468,10.053
290,63.469,10.052
291,63.469,10.051
292,63.469,10.05
293,63.47,10.049
294,63.47,10.048
295,63.47,10.047
296,63.47,10.046
297,63.471,10.046
298,63.471,10.045
299,63.471,10.044
300,63.472,10.043
301,63.472,10.042
302,63.472,10.041
303,63.473,10.04
304,63.473,10.039
305,63.473,10.038
306,63.474,10.037
307,63.474,10.036
308,63.474,10.035
309,63.475,10.034
310,63.475,10.033
311,63.475,10.032
312,63.476,10.032
313,63.476,10.031
314,63.476,10.03
315,63.476,10.029
316,63.477,10.028
317,63.477,10.027
318,63.477,10.026
319,63.478,10.025
320,63.478,10.024
321,63.478,10.023
322,63.479,10.022
323,63.479,10.021
324,63.48,10.02
325,63.48,10.019
326,63.48,10.018
327,63.481,10.017
328,63.481,10.016
329,63.481,10.016
330,63.482,10.015
331,63.482,10.014
332,63.482,10.013
333,63.483,10.012
334,63.483,10.011
335,63.484,10.01
336,63.484,10.009
337,63.484,10.008
338,63.485,10.007
339,63.485,10.006
340,63.485,10.005
341,63.486,10.004
342,63.486,10.003
343,63.486,10.002
344,63.486,10.002
345,63.487,10.001
346,63.487,10.0
347,63.487,9.999
348,63.488,9.998
349,63.488,9.997
350,63.488,9.996
351,63.489,9.995
352,63.489,9.994
353,63.489,9.993
354,63.49,9.992
355,63.49,9.991
356,63.49,9.99
357,63.491,9.989
358,63.491,9.988
359,63.491,9.987
360,63.492,9.986
361,63.492,9.986
362,63.492,9.985
363,63.492,9.984
364,63.493,9.983
365,63.493,9.982
366,63.493,9.981
367,63.494,9.98
368,63.494,9.979
369,63.494,9.978
370,63.495,9.977
371,63.495,9.976
372,63.495,9.976
373,63.496,9.975
374,63.496,9.974
375,63.496,9.973
376,63.496,9.972
377,63.497,9.971
378,63.497,9.97
379,63.497,9.969
380,63.498,9.968
381,63.498,9.968
382,63.498,9.967
383,63.499,9.966
384,63.499,9.965
385,63.499,9.964
386,63.5,9.963
387,63.5,9.962
388,63.5,9.961
389,63.501,9.96
390,63.501,9.959
391,63.501,9.958
392,63.502,9.958
393,63.502,9.957
394,63.502,9.956
395,63.502,9.955
396,63.503,9.954
397,63.503,9.953
398,63.503,9.952
399,63.504,9.951
400,63.504,9.95
401,63.504,9.949
402,63.505,9.948
403,63.505,9.947
404,63.505,9.946
405,63.506,9.945
406,63.506,9.944
407,63.506,9.943
408,63.506,9.942
409,63.507,9.942
410,63.507,9.941
411,63.507,9.94
412,63.508,9.939
413,63.508,9.938
414,63.508,9.937
415,63.509,9.936
416,63.509,9.935
417,63.509,9.934
418,63.51,9.933
419,63.51,9.932
420,63.51,9.931
421,63.511,9.93
422,63.511,9.929
423,63.511,9.928
424,63.512,9.928
425,63.512,9.927
426,63.512,9.926
427,63.512,9.925
428,63.513,9.924
429,63.513,9.923
430,63.513,9.922
431,63.514,9.921
432,63.514,9.92
433,63.514,9.919
434,63.515,9.918
435,63.515,9.917
436,63.516,9.916
437,63.516,9.915
438,63.516,9.914
439,63.517,9.913
440,63.517,9.912
441,63.517,9.912
442,63.518,9.911
443,63.518,9.91
444,63.518,9.909
445,63.519,9.908
446,63.519,9.907
447,63.52,9.906
448,63.52,9.905
449,63.52,9.904
450,63.521,9.903
451,63.521,9.902
452,63.521,9.901
453,63.522,9.9
454,63.522,9.899
455,63.522,9.898
456,63.522,9.898
457,63.523,9.897
458,63.523,9.896
459,63.523,9.895
460,63.524,9.894
461,63.524,9.893
462,63.524,9.892
463,63.525,9.891
464,63.525,9.89
465,63.525,9.889
466,63.526,9.888
467,63.526,9.887
468,63.526,9.886
469,63.527,9.885
470,63.527,9.884
471,63.527,9.883
472,63.528,9.882
473,63.528,9.882
474,63.528,9.881
475,63.528,9.88
476,63.529,9.879
477,63.529,9.878
478,63.529,9.877
479,63.53,9.876
480,63.53,9.875
481,63.53,9.874
482,63.531,9.873
483,63.531,9.872
484,63.531,9.871
485,63.532,9.87
486,63.532,9.869
487,63.532,9.868
488,63.532,9.868
489,63.533,9.867
490,63.533,9.866
491,63.533,9.865
492,63.534,9.864
493,63.534,9.863
494,63.534,9.862
495,63.535,9.861
496,63.535,9.86
497,63.535,9.859
498,63.536,9.858
499,63.536,9.857
500,63.536,9.856
501,63.537,9.855
502,63.537,9.854
503,63.537,9.853
504,63.537,9.852
505,63.538,9.852
506,63.538,9.851
507,63.538,9.85
508,63.539,9.849
509,63.539,9.848
510,63.539,9.847
511,63.54,9.846
512,63.54,9.845
513,63.54,9.845
514,63.541,9.844
515,63.542,9.844
516,63.542,9.844
517,63.542,9.843
518,63.543,9.843
519,63.544,9.843
520,63.544,9.843
521,63.544,9.842
522,63.545,9.842
523,63.546,9.842
524,63.546,9.841
525,63.546,9.841
526,63.547,9.841
527,63.548,9.84
528,63.548,9.84
529,63.549,9.84
530,63.549,9.839
531,63.55,9.839
532,63.55,9.839
533,63.55,9.838
534,63.551,9.838
535,63.552,9.838
536,63.552,9.838
537,63.552,9.837
538,63.553,9.837
539,63.554,9.837
540,63.554,9.836
541,63.554,9.836
542,63.555,9.836
543,63.555,9.835
544,63.556,9.835
545,63.557,9.835
546,63.557,9.834
547,63.558,9.834
548,63.558,9.834
549,63.559,9.833
550,63.559,9.833
551,63.56,9.833
552,63.56,9.832
553,63.561,9.832
554,63.562,9.832
555,63.562,9.832
556,63.563,9.831
557,63.563,9.831
558,63.564,9.831
559,63.564,9.83
560,63.565,9.83
561,63.566,9.83
562,63.566,9.829
563,63.566,9.829
564,63.567,9.829
565,63.567,9.828
566,63.568,9.828
567,63.568,9.828
568,63.569,9.828
569,63.57,9.827
570,63.57,9.827
571,63.57,9.827
572,63.571,9.826
573,63.572,9.826
574,63.572,9.826
575,63.572,9.825
576,63.573,9.825
577,63.574,9.825
578,63.574,9.824
579,63.574,9.824
580,63.575,9.824
581,63.576,9.823
582,63.576,9.823
583,63.576,9.823
584,63.577,9.822
585,63.578,9.822
586,63.578,9.822
587,63.579,9.822
588,63.579,9.821
589,63.58,9.821
590,63.58,9.821
591,63.58,9.82
592,63.581,9.82
593,63.582,9.82
594,63.582,9.819
595,63.582,9.819
596,63.583,9.819
597,63.584,9.818
598,63.584,9.818
599,63.584,9.818
600,63.585,9.817
601,63.586,9.817
602,63.586,9.817
603,63.586,9.817
604,63.587,9.816
605,63.588,9.816
606,63.588,9.816
607,63.588,9.815
608,63.589,9.815
609,63.59,9.815
610,63.59,9.814
611,63.59,9.814
612,63.591,9.814
613,63.592,9.813
614,63.592,9.813
615,63.592,9.813
616,63.593,9.812
617,63.594,9.812
618,63.594,9.812
619,63.594,9.812
620,63.595,9.811
621,63.596,9.811
622,63.596,9.811
623,63.596,9.81
624,63.597,9.81
625,63.598,9.81
626,63.598,9.809
627,63.599,9.809
628,63.599,9.808
629,63.6,9.808
630,63.6,9.808
631,63.601,9.807
632,63.602,9.807
633,63.602,9.807
634,63.603,9.806
635,63.603,9.806
636,63.604,9.806
637,63.604,9.805
638,63.605,9.805
639,63.605,9.804
640,63.606,9.804
641,63.607,9.804
642,63.607,9.803
643,63.608,9.803
644,63.608,9.803
645,63.608,9.802
646,63.609,9.802
647,63.61,9.802
648,63.61,9.802
649,63.61,9.801
650,63.611,9.801
651,63.612,9.801
652,63.612,9.8
653,63.612,9.8
654,63.613,9.8
655,63.613,9.799
656,63.614,9.799
657,63.614,9.799
658,63.615,9.798
659,63.616,9.798
660,63.616,9.798
661,63.616,9.797
662,63.617,9.797
663,63.618,9.797
664,63.618,9.796
665,63.618,9.796
666,63.619,9.796
667,63.62,9.796
668,63.62,9.795
669,63.62,9.795
670,63.621,9.795
671,63.622,9.794
672,63.622,9.794
673,63.622,9.794
674,63.623,9.793
675,63.624,9.793
676,63.624,9.793
677,63.624,9.792
678,63.625,9.792
679,63.626,9.792
680,63.626,9.792
681,63.626,9.791
682,63.627,9.791
683,63.628,9.791
684,63.628,9.79
685,63.628,9.79
686,63.629,9.79
687,63.63,9.789
688,63.63,9.789
689,63.631,9.789
690,63.631,9.788
691,63.632,9.788
692,63.632,9.788
693,63.632,9.787
694,63.633,9.787
695,63.634,9.787
696,63.634,9.786
697,63.634,9.786
698,63.635,9.786
699,63.636,9.786
700,63.636,9.785
701,63.636,9.785
702,63.637,9.785
703,63.637,9.784
704,63.638,9.784
705,63.638,9.784
706,63.639,9.783
707,63.64,9.783
708,63.64,9.783
709,63.64,9.782
710,63.641,9.782
711,63.642,9.782
712,63.642,9.782
713,63.642,9.781
714,63.643,9.781
715,63.644,9.781
716,63.644,9.78
717,63.644,9.78
718,63.645,9.78
719,63.646,9.779
720,63.646,9.779
721,63.647,9.779
722,63.647,9.778
723,63.648,9.778
724,63.648,9.778
725,63.649,9.777
726,63.649,9.777
727,63.65,9.777
728,63.65,9.776
729,63.651,9.776
730,63.652,9.776
731,63.652,9.776
732,63.653,9.775
733,63.653,9.775
734,63.654,9.775
735,63.654,9.774
736,63.655,9.774
737,63.656,9.774
738,63.656,9.773
739,63.656,9.773
740,63.657,9.773
741,63.658,9.772
742,63.658,9.772
743,63.658,9.772
744,63.659,9.772
745,63.66,9.771
746,63.66,9.771
747,63.66,9.771
748,63.661,9.77
749,63.662,9.77
750,63.662,9.77
751,63.662,9.769
752,63.663,9.769
753,63.664,9.769
754,63.664,9.768
755,63.664,9.768
756,63.665,9.768
757,63.665,9.767
758,63.666,9.767
759,63.666,9.767
760,63.667,9.766
761,63.668,9.766
762,63.668,9.766
763,63.668,9.766
764,63.669,9.765
765,63.67,9.765
766,63.67,9.765
767,63.67,9.764
768,63.671,9.764
769,63.671,9.763
770,63.671,9.762
771,63.67,9.761
772,63.67,9.76
773,63.67,9.758
774,63.67,9.757
775,63.67,9.756
776,63.67,9.755
777,63.669,9.754
778,63.669,9.753
779,63.669,9.752
780,63.669,9.75
781,63.669,9.749
782,63.668,9.748
783,63.668,9.747
784,63.668,9.746
785,63.668,9.745
786,63.668,9.744
787,63.667,9.743
788,63.667,9.742
789,63.667,9.741
790,63.667,9.74
791,63.667,9.739
792,63.666,9.738
793,63.666,9.736
794,63.666,9.735
795,63.666,9.734
796,63.666,9.733
797,63.666,9.732
798,63.665,9.731
799,63.665,9.73
800,63.665,9.729
801,63.665,9.728
802,63.664,9.727
803,63.664,9.726
804,63.664,9.724
805,63.664,9.723
806,63.664,9.722
807,63.663,9.721
808,63.663,9.72
809,63.663,9.719
810,63.662,9.718
811,63.662,9.717
812,63.662,9.716
813,63.662,9.714
814,63.662,9.713
815,63.661,9.712
816,63.661,9.711
817,63.661,9.71
818,63.661,9.709
819,63.66,9.708
820,63.66,9.706
821,63.66,9.705
822,63.66,9.704
823,63.66,9.703
824,63.66,9.702
825,63.659,9.701
826,63.659,9.7
827,63.659,9.699
828,63.659,9.698
829,63.659,9.696
830,63.658,9.695
831,63.658,9.694
832,63.658,9.693
833,63.658,9.692
834,63.658,9.691
835,63.657,9.69
836,63.657,9.689
837,63.657,9.688
838,63.657,9.687
839,63.657,9.686
840,63.656,9.684
841,63.656,9.683
842,63.656,9.682
843,63.656,9.681
844,63.656,9.68
845,63.656,9.679
846,63.655,9.678
847,63.655,9.677
848,63.655,9.676
849,63.655,9.675
850,63.655,9.674
851,63.654,9.673
852,63.654,9.672
853,63.654,9.67
854,63.654,9.669
855,63.654,9.668
856,63.654,9.667
857,63.653,9.666
858,63.653,9.665
859,63.653,9.664
860,63.653,9.662
861,63.653,9.661
862,63.652,9.66
863,63.652,9.659
864,63.652,9.658
865,63.652,9.657
866,63.652,9.656
867,63.651,9.655
868,63.651,9.654
869,63.651,9.652
870,63.651,9.651
871,63.651,9.65
872,63.65,9.649
873,63.65,9.648
874,63.65,9.647
875,63.65,9.646
876,63.65,9.644
877,63.65,9.643
878,63.649,9.642
879,63.649,9.641
880,63.649,9.64
881,63.649,9.639
882,63.649,9.638
883,63.648,9.637
884,63.648,9.636
885,63.648,9.634
886,63.648,9.633
887,63.648,9.632
888,63.648,9.631
889,63.647,9.63
890,63.647,9.629
891,63.647,9.628
892,63.647,9.626
893,63.647,9.625
894,63.646,9.624
895,63.646,9.623
896,63.646,9.622
897,63.646,9.621
898,63.646,9.62
899,63.645,9.619
900,63.645,9.618
901,63.645,9.617
902,63.644,9.616
903,63.644,9.615
904,63.644,9.614
905,63.644,9.612
906,63.644,9.611
907,63.643,9.61
908,63.643,9.609
909,63.643,9.608
910,63.643,9.607
911,63.642,9.606
912,63.642,9.605
913,63.642,9.604
914,63.642,9.603
915,63.641,9.602
916,63.641,9.6
917,63.641,9.599
918,63.641,9.598
919,63.641,9.597
920,63.64,9.596
921,63.64,9.595
922,63.64,9.594
923,63.64,9.593
924,63.64,9.592
925,63.64,9.59
926,63.639,9.589
927,63.639,9.588
928,63.639,9.587
929,63.639,9.586
930,63.639,9.585
931,63.638,9.584
932,63.638,9.582
933,63.638,9.581
934,63.638,9.58
935,63.638,9.579
936,63.638,9.578
937,63.637,9.577
938,63.637,9.576
939,63.637,9.575
940,63.637,9.574
941,63.637,9.572
942,63.636,9.571
943,63.636,9.57
944,63.636,9.569
945,63.636,9.568
946,63.636,9.567
947,63.635,9.566
948,63.635,9.565
949,63.635,9.564
950,63.635,9.563
951,63.635,9.562
952,63.634,9.561
953,63.634,9.559
954,63.634,9.558
955,63.634,9.557
956,63.634,9.556
957,63.634,9.555
958,63.633,9.554
959,63.633,9.553
960,63.633,9.552
961,63.633,9.551
962,63.633,9.55
963,63.632,9.549
964,63.632,9.548
965,63.632,9.546
966,63.632,9.545
967,63.632,9.544
968,63.632,9.543
969,63.631,9.542
970,63.631,9.541
971,63.631,9.54
972,63.631,9.538
973,63.631,9.537
974,63.63,9.536
975,63.63,9.535
976,63.63,9.534
977,63.63,9.533
978,63.63,9.532
979,63.629,9.531
980,63.629,9.53
981,63.629,9.528
982,63.628,9.527
983,63.628,9.526
984,63.628,9.525
985,63.628,9.524
986,63.628,9.523
987,63.627,9.522
988,63.627,9.52
989,63.627,9.519
990,63.626,9.518
991,63.626,9.517
992,63.626,9.516
993,63.626,9.515
994,63.626,9.514
995,63.625,9.513
996,63.625,9.512
997,63.625,9.511
998,63.625,9.51
999,63.625,9.509
1000,63.624,9.508
1001,63.624,9.506
1002,63.624,9.505
1003,63.624,9.504
1004,63.624,9.503
1005,63.624,9.502
1006,63.623,9.501
1007,63.623,9.5
1008,63.623,9.499
1009,63.623,9.498
1010,63.623,9.497
1011,63.622,9.496
1012,63.622,9.494
1013,63.622,9.493
1014,63.622,9.492
1015,63.622,9.491
1016,63.622,9.49
1017,63.621,9.489
1018,63.621,9.488
1019,63.621,9.487
1020,63.621,9.486
1021,63.621,9.484
1022,63.62,9.483
1023,63.62,9.482
1024,63.62,9.481
1025,63.62,9.48
1026,63.62,9.479
1027,63.621,9.478
1028,63.621,9.477
1029,63.621,9.476
1030,63.622,9.475
1031,63.622,9.474
1032,63.622,9.473
1033,63.622,9.472
1034,63.622,9.471
1035,63.623,9.47
1036,63.623,9.469
1037,63.623,9.468
1038,63.624,9.467
1039,63.624,9.466
1040,63.624,9.465
1041,63.624,9.464
1042,63.625,9.463
1043,63.625,9.462
1044,63.625,9.461
1045,63.626,9.46
1046,63.626,9.459
1047,63.626,9.458
1048,63.626,9.457
1049,63.627,9.456
1050,63.627,9.455
1051,63.627,9.454
1052,63.628,9.453
1053,63.628,9.452
1054,63.628,9.451
1055,63.629,9.45
1056,63.629,9.449
1057,63.629,9.448
1058,63.63,9.447
1059,63.63,9.446
1060,63.63,9.445
1061,63.63,9.444
1062,63.63,9.443
1063,63.631,9.442
1064,63.631,9.442
1065,63.631,9.441
1066,63.632,9.44
1067,63.632,9.439
1068,63.632,9.438
1069,63.632,9.437
1070,63.632,9.436
1071,63.633,9.435
1072,63.633,9.434
1073,63.633,9.433
1074,63.634,9.432
1075,63.634,9.431
1076,63.634,9.43
1077,63.634,9.429
1078,63.634,9.428
1079,63.635,9.427
1080,63.635,9.426
1081,63.635,9.425
1082,63.636,9.424
1083,63.636,9.423
1084,63.636,9.422
1085,63.636,9.421
1086,63.636,9.42
1087,63.637,9.419
1088,63.637,9.418
1089,63.637,9.417
1090,63.638,9.416
1091,63.638,9.415
1092,63.638,9.414
1093,63.639,9.413
1094,63.639,9.412
1095,63.639,9.411
1096,63.64,9.41
1097,63.64,9.409
1098,63.64,9.408
1099,63.64,9.407
1100,63.641,9.406
1101,63.641,9.405
1102,63.641,9.404
1103,63.642,9.403
1104,63.642,9.402
1105,63.642,9.401
1106,63.643,9.4
1107,63.643,9.399
1108,63.643,9.398
1109,63.643,9.397
1110,63.644,9.396
1111,63.644,9.395
1112,63.644,9.394
1113,63.644,9.393
1114,63.644,9.392
1115,63.645,9.391
1116,63.645,9.39
1117,63.645,9.389
1118,63.646,9.388
1119,63.646,9.387
1120,63.646,9.386
1121,63.646,9.385
1122,63.647,9.384
1123,63.647,9.383
1124,63.647,9.382
1125,63.648,9.381
1126,63.648,9.38
1127,63.648,9.379
1128,63.648,9.378
1129,63.649,9.377
1130,63.649,9.376
1131,63.649,9.375
1132,63.65,9.374
1133,63.65,9.373
1134,63.65,9.372
1135,63.651,9.371
1136,63.651,9.37
1137,63.651,9.369
1138,63.652,9.368
1139,63.652,9.367
1140,63.652,9.366
1141,63.652,9.365
1142,63.652,9.364
1143,63.653,9.363
1144,63.653,9.362
1145,63.653,9.361
1146,63.654,9.36
1147,63.654,9.359
1148,63.654,9.358
1149,63.654,9.357
1150,63.654,9.356
1151,63.655,9.355
1152,63.655,9.354
1153,63.655,9.353
1154,63.656,9.352
1155,63.656,9.351
1156,63.656,9.35
1157,63.656,9.349
1158,63.656,9.348
1159,63.657,9.347
1160,63.657,9.346
1161,63.657,9.346
1162,63.658,9.345
1163,63.658,9.344
1164,63.658,9.343
1165,63.658,9.342
1166,63.658,9.341
1167,63.659,9.34
1168,63.659,9.339
1169,63.659,9.338
1170,63.66,9.337
1171,63.66,9.336
1172,63.66,9.335
1173,63.661,9.334
1174,63.661,9.333
1175,63.661,9.332
1176,63.662,9.331
1177,63.662,9.33
1178,63.662,9.329
1179,63.662,9.328
1180,63.663,9.327
1181,63.663,9.326
1182,63.663,9.325
1183,63.664,9.324
1184,63.664,9.323
1185,63.664,9.322
1186,63.665,9.321
1187,63.665,9.32
1188,63.665,9.319
1189,63.665,9.318
1190,63.666,9.317
1191,63.666,9.316
1192,63.666,9.315
1193,63.666,9.314
1194,63.666,9.313
1195,63.667,9.312
1196,63.667,9.311
1197,63.667,9.31
1198,63.668,9.309
1199,63.668,9.308
1200,63.668,9.307
1201,63.668,9.306
1202,63.668,9.305
1203,63.669,9.304
1204,63.669,9.303
1205,63.669,9.302
1206,63.67,9.301
1207,63.67,9.3
1208,63.67,9.299
1209,63.67,9.298
1210,63.67,9.297
1211,63.671,9.296
1212,63.671,9.295
1213,63.671,9.294
1214,63.671,9.293
1215,63.672,9.292
1216,63.672,9.291
1217,63.672,9.29
1218,63.673,9.289
1219,63.673,9.288
1220,63.673,9.287
1221,63.674,9.286
1222,63.674,9.285
1223,63.674,9.284
1224,63.674,9.283
1225,63.675,9.282
1226,63.675,9.281
1227,63.675,9.28
1228,63.676,9.279
1229,63.676,9.278
1230,63.676,9.277
1231,63.677,9.276
1232,63.677,9.275
1233,63.677,9.274
1234,63.678,9.273
1235,63.678,9.272
1236,63.678,9.271
1237,63.678,9.27
1238,63.678,9.269
1239,63.679,9.268
1240,63.679,9.268
1241,63.679,9.267
1242,63.68,9.266
1243,63.68,9.265
1244,63.68,9.264
1245,63.68,9.263
1246,63.68,9.262
1247,63.681,9.261
1248,63.681,9.26
1249,63.681,9.259
1250,63.682,9.258
1251,63.682,9.257
1252,63.682,9.256
1253,63.683,9.255
1254,63.683,9.254
1255,63.683,9.253
1256,63.683,9.252
1257,63.684,9.251
1258,63.684,9.25
1259,63.684,9.249
1260,63.685,9.248
1261,63.685,9.247
1262,63.685,9.246
1263,63.686,9.245
1264,63.686,9.244
1265,63.686,9.243
1266,63.686,9.242
1267,63.687,9.241
1268,63.687,9.24
1269,63.687,9.239
1270,63.688,9.238
1271,63.688,9.237
1272,63.688,9.236
1273,63.688,9.235
1274,63.688,9.234
1275,63.689,9.233
1276,63.689,9.232
1277,63.689,9.231
1278,63.689,9.23
1279,63.69,9.229
1280,63.69,9.228
1281,63.69,9.227
1282,63.691,9.226
1283,63.691,9.226
1284,63.692,9.225
1285,63.692,9.224
1286,63.692,9.223
1287,63.693,9.222
1288,63.693,9.221
1289,63.693,9.221
1290,63.694,9.22
1291,63.694,9.219
1292,63.694,9.218
1293,63.695,9.217
1294,63.695,9.217
1295,63.696,9.216
1296,63.696,9.215
1297,63.696,9.214
1298,63.697,9.213
1299,63.697,9.213
1300,63.698,9.212
1301,63.698,9.211
1302,63.699,9.21
1303,63.699,9.209
1304,63.7,9.208
1305,63.7,9.208
1306,63.7,9.207
1307,63.701,9.206
1308,63.701,9.205
1309,63.702,9.204
1310,63.702,9.204
1311,63.703,9.203
1312,63.703,9.202
1313,63.703,9.201
1314,63.704,9.2
1315,63.704,9.2
1316,63.705,9.199
1317,63.705,9.198
1318,63.706,9.198
1319,63.706,9.197
1320,63.707,9.196
1321,63.707,9.195
1322,63.707,9.194
1323,63.708,9.194
1324,63.708,9.193
1325,63.709,9.192
1326,63.709,9.192
1327,63.71,9.191
1328,63.71,9.19
1329,63.71,9.189
1330,63.711,9.188
1331,63.711,9.188
1332,63.712,9.187
1333,63.712,9.186
1334,63.712,9.185
1335,63.713,9.184
1336,63.713,9.183
1337,63.713,9.183
1338,63.714,9.182
1339,63.714,9.181
1340,63.714,9.18
1341,63.715,9.179
1342,63.715,9.179
1343,63.716,9.178
1344,63.716,9.177
1345,63.716,9.176
1346,63.717,9.175
1347,63.717,9.175
1348,63.718,9.174
1349,63.718,9.173
1350,63.718,9.172
1351,63.719,9.171
1352,63.719,9.17
1353,63.719,9.17
1354,63.72,9.169
1355,63.72,9.168
1356,63.72,9.167
1357,63.721,9.166
1358,63.721,9.166
1359,63.722,9.165
1360,63.722,9.164
1361,63.722,9.163
1362,63.723,9.162
1363,63.723,9.162
1364,63.724,9.161
1365,63.724,9.16
1366,63.725,9.159
1367,63.725,9.158
1368,63.726,9.157
1369,63.726,9.157
1370,63.726,9.156
1371,63.727,9.155
1372,63.727,9.154
1373,63.728,9.153
1374,63.728,9.153
1375,63.729,9.152
1376,63.729,9.151
1377,63.729,9.15
1378,63.73,9.15
1379,63.73,9.149
1380,63.73,9.148
1381,63.731,9.147
1382,63.731,9.146
1383,63.732,9.146
1384,63.732,9.145
1385,63.732,9.144
1386,63.733,9.144
1387,63.733,9.143
1388,63.734,9.142
1389,63.734,9.141
1390,63.734,9.14
1391,63.735,9.14
1392,63.735,9.139
1393,63.735,9.138
1394,63.736,9.137
1395,63.736,9.137
1396,63.737,9.136
1397,63.737,9.135
1398,63.738,9.134
1399,63.738,9.133
1400,63.738,9.132
1401,63.739,9.132
1402,63.739,9.131
1403,63.74,9.13
1404,63.74,9.129
1405,63.741,9.128
1406,63.741,9.128
1407,63.742,9.127
1408,63.742,9.126
1409,63.742,9.125
1410,63.743,9.124
1411,63.743,9.124
1412,63.744,9.123
1413,63.744,9.122
1414,63.744,9.121
1415,63.745,9.12
1416,63.745,9.119
1417,63.745,9.119
1418,63.746,9.118
1419,63.746,9.117
1420,63.746,9.116
1421,63.747,9.115
1422,63.747,9.115
1423,63.748,9.114
1424,63.748,9.113
1425,63.748,9.112
1426,63.749,9.111
1427,63.749,9.111
1428,63.75,9.11
1429,63.75,9.109
1430,63.751,9.108
1431,63.751,9.107
1432,63.752,9.106
1433,63.752,9.106
1434,63.752,9.105
1435,63.753,9.104
1436,63.753,9.103
1437,63.754,9.102
1438,63.754,9.102
1439,63.755,9.101
1440,63.755,9.1
1441,63.755,9.099
1442,63.756,9.098
1443,63.756,9.098
1444,63.757,9.097
1445,63.757,9.096
1446,63.758,9.096
1447,63.758,9.095
1448,63.758,9.094
1449,63.759,9.093
1450,63.759,9.092
1451,63.76,9.092
1452,63.76,9.091
1453,63.761,9.09
1454,63.761,9.09
1455,63.762,9.089
1456,63.762,9.088
1457,63.762,9.087
1458,63.763,9.086
1459,63.763,9.086
1460,63.764,9.085
1461,63.764,9.084
1462,63.764,9.083
1463,63.765,9.082
1464,63.765,9.081
1465,63.765,9.081
1466,63.766,9.08
1467,63.766,9.079
1468,63.766,9.078
1469,63.767,9.077
1470,63.767,9.077
1471,63.768,9.076
1472,63.768,9.075
1473,63.768,9.074
1474,63.769,9.073
1475,63.769,9.073
1476,63.77,9.072
1477,63.77,9.071
1478,63.77,9.07
1479,63.771,9.069
1480,63.771,9.068
1481,63.771,9.068
1482,63.772,9.067
1483,63.772,9.066
1484,63.772,9.065
1485,63.773,9.064
1486,63.773,9.064
1487,63.774,9.063
1488,63.774,9.062
1489,63.774,9.061
1490,63.775,9.06
1491,63.775,9.06
1492,63.776,9.059
1493,63.776,9.058
1494,63.777,9.057
1495,63.777,9.056
1496,63.778,9.055
1497,63.778,9.055
1498,63.778,9.054
1499,63.779,9.053
1500,63.779,9.052
1501,63.78,9.051
1502,63.78,9.051
1503,63.781,9.05
1504,63.781,9.049
1505,63.781,9.048
1506,63.782,9.048
1507,63.782,9.047
1508,63.782,9.046
1509,63.783,9.045
1510,63.783,9.044
1511,63.784,9.044
1512,63.784,9.043
1513,63.784,9.042
1514,63.785,9.042
1515,63.785,9.041
1516,63.786,9.04
1517,63.786,9.039
1518,63.786,9.038
1519,63.787,9.038
1520,63.787,9.037
1521,63.787,9.036
1522,63.788,9.035
1523,63.788,9.035
1524,63.789,9.034
1525,63.789,9.033
1526,63.79,9.032
1527,63.79,9.031
1528,63.79,9.03
1529,63.791,9.03
1530,63.791,9.029
1531,63.792,9.028
1532,63.792,9.027
1533,63.793,9.026
1534,63.793,9.026
1535,63.794,9.025
1536,63.794,9.024
1537,63.794,9.023
1538,63.795,9.022
1539,63.795,9.021
1540,63.795,9.02
1541,63.796,9.019
1542,63.796,9.018
1543,63.796,9.017
1544,63.796,9.016
1545,63.797,9.016
1546,63.797,9.015
1547,63.797,9.014
1548,63.798,9.013
1549,63.798,9.012
1550,63.798,9.011
1551,63.799,9.01
1552,63.799,9.009
1553,63.799,9.008
1554,63.8,9.007
1555,63.8,9.006
1556,63.8,9.005
1557,63.801,9.004
1558,63.801,9.003
1559,63.801,9.002
1560,63.802,9.002
1561,63.802,9.001
1562,63.802,9.0
1563,63.802,8.999
1564,63.803,8.998
1565,63.803,8.997
1566,63.803,8.996
1567,63.804,8.995
1568,63.804,8.994
1569,63.804,8.993
1570,63.805,8.992
1571,63.805,8.991
1572,63.805,8.99
1573,63.806,8.989
1574,63.806,8.988
1575,63.806,8.987
1576,63.806,8.986
1577,63.807,8.985
1578,63.807,8.984
1579,63.807,8.983
1580,63.808,8.982
1581,63.808,8.981
1582,63.808,8.98
1583,63.809,8.979
1584,63.809,8.978
1585,63.809,8.977
1586,63.81,8.976
1587,63.81,8.975
1588,63.81,8.974
1589,63.811,8.973
1590,63.811,8.972
1591,63.811,8.971
1592,63.811,8.97
1593,63.812,8.97
1594,63.812,8.969
1595,63.812,8.968
1596,63.813,8.967
1597,63.813,8.966
1598,63.813,8.965
1599,63.814,8.964
1600,63.814,8.963
1601,63.814,8.962
1602,63.815,8.961
1603,63.815,8.96
1604,63.815,8.959
1605,63.816,8.958
1606,63.816,8.957
1607,63.816,8.956
1608,63.817,8.956
1609,63.817,8.955
1610,63.817,8.954
1611,63.817,8.953
1612,63.818,8.952
1613,63.818,8.951
1614,63.818,8.95
1615,63.819,8.949
1616,63.819,8.948
1617,63.819,8.947
1618,63.82,8.946
1619,63.82,8.945
1620,63.82,8.944
1621,63.821,8.943
1622,63.821,8.942
1623,63.821,8.941
1624,63.822,8.94
1625,63.822,8.94
1626,63.822,8.939
1627,63.822,8.938
1628,63.823,8.937
1629,63.823,8.936
1630,63.823,8.935
1631,63.824,8.934
1632,63.824,8.933
1633,63.824,8.932
1634,63.825,8.931
1635,63.825,8.93
1636,63.825,8.929
1637,63.826,8.928
1638,63.826,8.927
1639,63.826,8.926
1640,63.826,8.926
1641,63.827,8.925
1642,63.827,8.924
1643,63.827,8.923
1644,63.828,8.922
1645,63.828,8.921
1646,63.828,8.92
1647,63.829,8.919
1648,63.829,8.918
1649,63.829,8.917
1650,63.83,8.916
1651,63.83,8.915
1652,63.83,8.914
1653,63.831,8.913
1654,63.831,8.912
1655,63.831,8.911
1656,63.832,8.91
1657,63.832,8.909
1658,63.832,8.908
1659,63.832,8.907
1660,63.833,8.906
1661,63.833,8.905
1662,63.833,8.904
1663,63.834,8.903
1664,63.834,8.902
1665,63.834,8.901
1666,63.835,8.9
1667,63.835,8.899
1668,63.835,8.898
1669,63.836,8.897
1670,63.836,8.896
1671,63.836,8.895
1672,63.836,8.894
1673,63.837,8.894
1674,63.837,8.893
1675,63.837,8.892
1676,63.838,8.891
1677,63.838,8.89
1678,63.838,8.889
1679,63.839,8.888
1680,63.839,8.887
1681,63.839,8.886
1682,63.84,8.885
1683,63.84,8.884
1684,63.84,8.883
1685,63.841,8.882
1686,63.841,8.881
1687,63.841,8.88
1688,63.842,8.88
1689,63.842,8.879
1690,63.842,8.878
1691,63.842,8.877
1692,63.843,8.876
1693,63.843,8.875
1694,63.843,8.874
1695,63.844,8.873
1696,63.844,8.872
1697,63.844,8.871
1698,63.845,8.87
1699,63.845,8.869
1700,63.845,8.868
1701,63.846,8.867
1702,63.846,8.866
1703,63.846,8.865
1704,63.846,8.864
1705,63.847,8.864
1706,63.847,8.863
1707,63.847,8.862
1708,63.848,8.861
1709,63.848,8.86
1710,63.848,8.859
1711,63.849,8.858
1712,63.849,8.857
1713,63.849,8.856
1714,63.85,8.855
1715,63.85,8.854
1716,63.85,8.853
1717,63.851,8.852
1718,63.851,8.851
1719,63.851,8.85
1720,63.852,8.849
1721,63.852,8.849
1722,63.852,8.848
1723,63.852,8.847
1724,63.853,8.846
1725,63.853,8.845
1726,63.853,8.844
1727,63.854,8.843
1728,63.854,8.842
1729,63.854,8.841
1730,63.855,8.84
1731,63.855,8.839
1732,63.855,8.838
1733,63.856,8.837
1734,63.856,8.836
1735,63.856,8.835
1736,63.856,8.834
1737,63.857,8.834
1738,63.857,8.833
1739,63.857,8.832
1740,63.858,8.831
1741,63.858,8.83
1742,63.858,8.829
1743,63.859,8.828
1744,63.859,8.827
1745,63.859,8.826
1746,63.86,8.825
1747,63.86,8.824
1748,63.86,8.823
1749,63.861,8.822
1750,63.861,8.821
1751,63.861,8.82
1752,63.862,8.819
1753,63.862,8.818
1754,63.862,8.817
1755,63.862,8.816
1756,63.863,8.815
1757,63.863,8.814
1758,63.863,8.813
1759,63.864,8.812
1760,63.864,8.811
1761,63.864,8.81
1762,63.865,8.809
1763,63.865,8.808
1764,63.865,8.807
1765,63.866,8.806
1766,63.866,8.805
1767,63.866,8.804
1768,63.866,8.804
1769,63.867,8.803
1770,63.867,8.802
1771,63.867,8.801
1772,63.868,8.8
1773,63.868,8.799
1774,63.868,8.798
1775,63.869,8.797
1776,63.869,8.796
1777,63.869,8.795
1778,63.87,8.794
1779,63.87,8.793
1780,63.87,8.792
1781,63.871,8.791
1782,63.871,8.79
1783,63.871,8.789
1784,63.872,8.788
1785,63.872,8.788
1786,63.872,8.787
1787,63.872,8.786
1788,63.873,8.785
1789,63.873,8.784
1790,63.873,8.783
1791,63.874,8.782
1792,63.874,8.781
1793,63.874,8.78
1794,63.874,8.779
1795,63.875,8.778
1796,63.875,8.776
1797,63.875,8.775
1798,63.875,8.774
1799,63.875,8.773
1800,63.876,8.772
1801,63.876,8.771
1802,63.876,8.77
1803,63.876,8.769
1804,63.876,8.768
1805,63.876,8.766
1806,63.877,8.765
1807,63.877,8.764
1808,63.877,8.763
1809,63.877,8.762
1810,63.877,8.761
1811,63.877,8.76
1812,63.878,8.758
1813,63.878,8.757
1814,63.878,8.756
1815,63.878,8.755
1816,63.878,8.754
1817,63.878,8.753
1818,63.878,8.752
1819,63.878,8.751
1820,63.878,8.75
1821,63.879,8.748
1822,63.879,8.747
1823,63.879,8.746
1824,63.879,8.745
1825,63.879,8.744
1826,63.879,8.743
1827,63.88,8.742
1828,63.88,8.74
1829,63.88,8.739
1830,63.88,8.738
1831,63.88,8.737
1832,63.88,8.736
1833,63.881,8.735
1834,63.881,8.734
1835,63.881,8.733
1836,63.881,8.732
1837,63.881,8.73
1838,63.882,8.729
1839,63.882,8.728
1840,63.882,8.727
1841,63.882,8.726
1842,63.882,8.725
1843,63.882,8.724
1844,63.882,8.722
1845,63.883,8.721
1846,63.883,8.72
1847,63.883,8.719
1848,63.883,8.718
1849,63.883,8.717
1850,63.883,8.716
1851,63.883,8.715
1852,63.884,8.714
1853,63.884,8.712
1854,63.884,8.711
1855,63.884,8.71
1856,63.884,8.709
1857,63.884,8.708
1858,63.884,8.707
1859,63.885,8.706
1860,63.885,8.704
1861,63.885,8.703
1862,63.885,8.702
1863,63.885,8.701
1864,63.886,8.7
1865,63.886,8.699
1866,63.886,8.698
1867,63.886,8.697
1868,63.886,8.696
1869,63.886,8.694
1870,63.887,8.693
1871,63.887,8.692
1872,63.887,8.691
1873,63.887,8.69
1874,63.887,8.689
1875,63.887,8.688
1876,63.888,8.686
1877,63.888,8.685
1878,63.888,8.684
1879,63.888,8.683
1880,63.888,8.682
1881,63.888,8.681
1882,63.888,8.68
1883,63.888,8.679
1884,63.888,8.678
1885,63.889,8.676
1886,63.889,8.675
1887,63.889,8.674
1888,63.889,8.673
1889,63.889,8.672
1890,63.889,8.671
1891,63.89,8.67
1892,63.89,8.668
1893,63.89,8.667
1894,63.89,8.666
1895,63.89,8.665
1896,63.89,8.664
1897,63.891,8.663
1898,63.891,8.662
1899,63.891,8.661
1900,63.891,8.66
1901,63.891,8.658
1902,63.892,8.657
1903,63.892,8.656
1904,63.892,8.655
1905,63.892,8.654
1906,63.892,8.653
1907,63.892,8.652
1908,63.892,8.65
1909,63.893,8.649
1910,63.893,8.648
1911,63.893,8.647
1912,63.893,8.646
1913,63.893,8.645
1914,63.893,8.644
1915,63.893,8.643
1916,63.894,8.642
1917,63.894,8.64
1918,63.894,8.639
1919,63.894,8.638
1920,63.894,8.637
1921,63.894,8.636
1922,63.894,8.635
1923,63.895,8.634
1924,63.895,8.632
1925,63.895,8.631
1926,63.895,8.63
1927,63.895,8.629
1928,63.896,8.628
1929,63.896,8.627
1930,63.896,8.626
1931,63.896,8.625
1932,63.896,8.624
1933,63.896,8.622
1934,63.897,8.621
1935,63.897,8.62
1936,63.897,8.619
1937,63.897,8.618
1938,63.897,8.617
1939,63.898,8.616
1940,63.898,8.614
1941,63.898,8.613
1942,63.898,8.612
1943,63.898,8.611
1944,63.898,8.61
1945,63.899,8.609
1946,63.899,8.608
1947,63.899,8.607
1948,63.899,8.606
1949,63.899,8.604
1950,63.9,8.603
1951,63.9,8.602
1952,63.9,8.601
1953,63.9,8.6
1954,63.9,8.599
1955,63.9,8.598
1956,63.9,8.596
1957,63.901,8.595
1958,63.901,8.594
1959,63.901,8.593
1960,63.901,8.592
1961,63.901,8.591
1962,63.901,8.59
1963,63.901,8.589
1964,63.902,8.588
1965,63.902,8.586
1966,63.902,8.585
1967,63.902,8.584
1968,63.902,8.583
1969,63.902,8.582
1970,63.902,8.581
1971,63.903,8.58
1972,63.903,8.578
1973,63.903,8.577
1974,63.903,8.576
1975,63.903,8.575
1976,63.904,8.574
1977,63.904,8.573
1978,63.904,8.572
1979,63.904,8.571
1980,63.904,8.57
1981,63.904,8.568
1982,63.905,8.567
1983,63.905,8.566
1984,63.905,8.565
1985,63.905,8.564
1986,63.905,8.563
1987,63.905,8.562
1988,63.906,8.56
1989,63.906,8.559
1990,63.906,8.558
1991,63.906,8.557
1992,63.906,8.556
1993,63.906,8.555
1994,63.906,8.554
1995,63.906,8.553
1996,63.906,8.552
1997,63.907,8.55
1998,63.907,8.549
1999,63.907,8.548
2000,63.907,8.547
2001,63.907,8.546
2002,63.907,8.545
2003,63.908,8.544
2004,63.908,8.542
2005,63.908,8.541
2006,63.908,8.54
2007,63.908,8.539
2008,63.908,8.538
2009,63.909,8.537
2010,63.909,8.536
2011,63.909,8.535
2012,63.909,8.534
2013,63.909,8.532
2014,63.91,8.531
2015,63.91,8.53
2016,63.91,8.529
2017,63.91,8.528
2018,63.91,8.527
2019,63.91,8.526
2020,63.91,8.524
2021,63.911,8.523
2022,63.911,8.522
2023,63.911,8.521
2024,63.911,8.52
2025,63.911,8.519
2026,63.911,8.518
2027,63.911,8.517
2028,63.912,8.516
2029,63.912,8.514
2030,63.912,8.513
2031,63.912,8.512
2032,63.912,8.511
2033,63.912,8.51
2034,63.912,8.509
2035,63.913,8.508
2036,63.913,8.506
2037,63.913,8.505
2038,63.913,8.504
2039,63.913,8.503
2040,63.914,8.502
2041,63.914,8.501
2042,63.914,8.5
2043,63.914,8.499
2044,63.914,8.498
2045,63.914,8.496
2046,63.915,8.495
2047,63.915,8.494
2048,63.915,8.493
2049,63.915,8.492
2050,63.914,8.491
2051,63.914,8.49
2052,63.914,8.489
2053,63.914,8.488
2054,63.914,8.487
2055,63.913,8.486
2056,63.913,8.484
2057,63.913,8.483
2058,63.912,8.482
2059,63.912,8.481
2060,63.912,8.48
2061,63.912,8.479
2062,63.912,8.478
2063,63.911,8.477
2064,63.911,8.476
2065,63.911,8.475
2066,63.91,8.474
2067,63.91,8.473
2068,63.91,8.472
2069,63.91,8.47
2070,63.91,8.469
2071,63.909,8.468
2072,63.909,8.467
2073,63.909,8.466
2074,63.908,8.465
2075,63.908,8.464
2076,63.908,8.462
2077,63.908,8.461
2078,63.908,8.46
2079,63.907,8.459
2080,63.907,8.458
2081,63.907,8.457
2082,63.906,8.456
2083,63.906,8.455
2084,63.906,8.454
2085,63.906,8.453
2086,63.906,8.452
2087,63.905,8.451
2088,63.905,8.45
2089,63.905,8.448
2090,63.904,8.447
2091,63.904,8.446
2092,63.904,8.445
2093,63.904,8.444
2094,63.904,8.443
2095,63.903,8.442
2096,63.903,8.441
2097,63.903,8.44
2098,63.902,8.439
2099,63.902,8.438
2100,63.902,8.437
2101,63.902,8.436
2102,63.902,8.435
2103,63.901,8.434
2104,63.901,8.433
2105,63.901,8.431
2106,63.9,8.43
2107,63.9,8.429
2108,63.9,8.428
2109,63.9,8.427
2110,63.9,8.426
2111,63.899,8.425
2112,63.899,8.424
2113,63.899,8.423
2114,63.898,8.422
2115,63.898,8.421
2116,63.898,8.42
2117,63.898,8.419
2118,63.898,8.418
2119,63.897,8.417
2120,63.897,8.416
2121,63.897,8.414
2122,63.896,8.413
2123,63.896,8.412
2124,63.896,8.411
2125,63.896,8.41
2126,63.896,8.409
2127,63.895,8.408
2128,63.895,8.407
2129,63.895,8.406
2130,63.894,8.405
2131,63.894,8.404
2132,63.894,8.403
2133,63.894,8.402
2134,63.894,8.401
2135,63.893,8.4
2136,63.893,8.398
2137,63.893,8.397
2138,63.892,8.396
2139,63.892,8.395
2140,63.892,8.394
2141,63.892,8.393
2142,63.892,8.392
2143,63.891,8.391
2144,63.891,8.39
2145,63.891,8.389
2146,63.89,8.388
2147,63.89,8.387
2148,63.89,8.386
2149,63.89,8.384
2150,63.89,8.383
2151,63.889,8.382
2152,63.889,8.381
2153,63.889,8.38
2154,63.888,8.379
2155,63.888,8.378
2156,63.888,8.376
2157,63.888,8.375
2158,63.888,8.374
2159,63.887,8.373
2160,63.887,8.372
2161,63.887,8.371
2162,63.887,8.37
2163,63.886,8.369
2164,63.886,8.368
2165,63.886,8.367
2166,63.886,8.366
2167,63.886,8.365
2168,63.886,8.364
2169,63.885,8.362
2170,63.885,8.361
2171,63.885,8.36
2172,63.885,8.359
2173,63.885,8.358
2174,63.884,8.357
2175,63.884,8.356
2176,63.884,8.355
2177,63.884,8.354
2178,63.884,8.353
2179,63.883,8.352
2180,63.883,8.351
2181,63.883,8.35
2182,63.882,8.349
2183,63.882,8.348
2184,63.882,8.346
2185,63.882,8.345
2186,63.882,8.344
2187,63.881,8.343
2188,63.881,8.342
2189,63.881,8.341
2190,63.881,8.34
2191,63.88,8.339
2192,63.88,8.338
2193,63.88,8.337
2194,63.88,8.336
2195,63.879,8.335
2196,63.879,8.333
2197,63.879,8.332
2198,63.878,8.331
2199,63.878,8.33
2200,63.878,8.329
2201,63.878,8.328
2202,63.878,8.327
2203,63.877,8.326
2204,63.877,8.324
2205,63.877,8.323
2206,63.876,8.322
2207,63.876,8.321
2208,63.876,8.32
2209,63.876,8.319
2210,63.875,8.318
2211,63.875,8.317
2212,63.875,8.316
2213,63.875,8.315
2214,63.874,8.314
2215,63.874,8.313
2216,63.874,8.312
2217,63.874,8.31
2218,63.874,8.309
2219,63.873,8.308
2220,63.873,8.307
2221,63.873,8.306
2222,63.872,8.305
2223,63.872,8.304
2224,63.872,8.303
2225,63.872,8.302
2226,63.872,8.301
2227,63.871,8.3
2228,63.871,8.299
2229,63.871,8.298
2230,63.87,8.297
2231,63.87,8.296
2232,63.87,8.294
2233,63.87,8.293
2234,63.87,8.292
2235,63.869,8.291
2236,63.869,8.29
2237,63.869,8.289
2238,63.869,8.288
2239,63.868,8.287
2240,63.868,8.286
2241,63.868,8.285
2242,63.868,8.284
2243,63.867,8.283
2244,63.867,8.282
2245,63.867,8.281
2246,63.866,8.28
2247,63.866,8.279
2248,63.866,8.278
2249,63.866,8.276
2250,63.866,8.275
2251,63.865,8.274
2252,63.865,8.273
2253,63.865,8.272
2254,63.864,8.271
2255,63.864,8.27
2256,63.864,8.269
2257,63.864,8.268
2258,63.863,8.267
2259,63.863,8.266
2260,63.863,8.265
2261,63.863,8.264
2262,63.862,8.263
2263,63.862,8.262
2264,63.862,8.26
2265,63.862,8.259
2266,63.862,8.258
2267,63.861,8.257
2268,63.861,8.256
2269,63.861,8.255
2270,63.86,8.254
2271,63.86,8.253
2272,63.86,8.252
2273,63.86,8.251
2274,63.86,8.25
2275,63.859,8.249
2276,63.859,8.248
2277,63.859,8.246
2278,63.858,8.245
2279,63.858,8.244
2280,63.858,8.243
2281,63.858,8.242
2282,63.858,8.241
2283,63.857,8.24
2284,63.857,8.238
2285,63.857,8.237
2286,63.857,8.236
2287,63.856,8.235
2288,63.856,8.234
2289,63.856,8.233
2290,63.856,8.232
2291,63.855,8.231
2292,63.855,8.23
2293,63.855,8.229
2294,63.854,8.228
2295,63.854,8.227
2296,63.854,8.226
2297,63.854,8.224
2298,63.854,8.223
2299,63.853,8.222
2300,63.853,8.221
2301,63.853,8.22
2302,63.852,8.219
2303,63.852,8.218
2304,63.852,8.217
2305,63.852,8.216
2306,63.852,8.215
2307,63.852,8.214
2308,63.852,8.212
2309,63.853,8.211
2310,63.853,8.21
2311,63.853,8.209
2312,63.853,8.208
2313,63.853,8.207
2314,63.853,8.206
2315,63.853,8.205
2316,63.854,8.204
2317,63.854,8.202
2318,63.854,8.201
2319,63.854,8.2
2320,63.854,8.199
2321,63.854,8.198
2322,63.854,8.197
2323,63.854,8.196
2324,63.854,8.195
2325,63.854,8.194
2326,63.854,8.193
2327,63.854,8.192
2328,63.854,8.19
2329,63.855,8.189
2330,63.855,8.188
2331,63.855,8.187
2332,63.855,8.186
2333,63.855,8.185
2334,63.855,8.184
2335,63.855,8.183
2336,63.855,8.182
2337,63.855,8.181
2338,63.855,8.18
2339,63.855,8.179
2340,63.856,8.178
2341,63.856,8.176
2342,63.856,8.175
2343,63.856,8.174
2344,63.856,8.173
2345,63.856,8.172
2346,63.856,8.171
2347,63.856,8.17
2348,63.856,8.168
2349,63.857,8.167
2350,63.857,8.166
2351,63.857,8.165
2352,63.857,8.164
2353,63.857,8.163
2354,63.857,8.162
2355,63.857,8.161
2356,63.858,8.159
2357,63.858,8.158
2358,63.858,8.157
2359,63.858,8.156
2360,63.858,8.155
2361,63.858,8.154
2362,63.858,8.153
2363,63.858,8.152
2364,63.858,8.151
2365,63.859,8.149
2366,63.859,8.148
2367,63.859,8.147
2368,63.859,8.146
2369,63.859,8.145
2370,63.859,8.144
2371,63.859,8.143
2372,63.859,8.142
2373,63.859,8.14
2374,63.859,8.139
2375,63.859,8.138
2376,63.86,8.137
2377,63.86,8.136
2378,63.86,8.135
2379,63.86,8.134
2380,63.86,8.132
2381,63.86,8.131
2382,63.86,8.13
2383,63.86,8.129
2384,63.86,8.128
2385,63.86,8.127
2386,63.86,8.126
2387,63.86,8.125
2388,63.86,8.124
2389,63.861,8.122
2390,63.861,8.121
2391,63.861,8.12
2392,63.861,8.119
2393,63.861,8.118
2394,63.861,8.117
2395,63.861,8.116
2396,63.862,8.114
2397,63.862,8.113
2398,63.862,8.112
2399,63.862,8.111
2400,63.862,8.11
2401,63.862,8.109
2402,63.862,8.108
2403,63.862,8.107
2404,63.862,8.106
2405,63.863,8.105
2406,63.863,8.104
2407,63.863,8.103
2408,63.863,8.102
2409,63.863,8.1
2410,63.863,8.099
2411,63.863,8.098
2412,63.864,8.097
2413,63.864,8.096
2414,63.864,8.095
2415,63.864,8.094
2416,63.864,8.093
2417,63.864,8.092
2418,63.864,8.091
2419,63.864,8.09
2420,63.864,8.088
2421,63.865,8.087
2422,63.865,8.086
2423,63.865,8.085
2424,63.865,8.084
2425,63.865,8.083
2426,63.865,8.082
2427,63.865,8.081
2428,63.866,8.079
2429,63.866,8.078
2430,63.866,8.077
2431,63.866,8.076
2432,63.866,8.075
2433,63.866,8.074
2434,63.866,8.073
2435,63.866,8.072
2436,63.866,8.07
2437,63.866,8.069
2438,63.866,8.068
2439,63.866,8.067
2440,63.866,8.066
2441,63.867,8.065
2442,63.867,8.064
2443,63.867,8.063
2444,63.867,8.062
2445,63.867,8.06
2446,63.867,8.059
2447,63.867,8.058
2448,63.867,8.057
2449,63.867,8.056
2450,63.867,8.055
2451,63.867,8.054
2452,63.868,8.053
2453,63.868,8.052
2454,63.868,8.051
2455,63.868,8.05
2456,63.868,8.049
2457,63.868,8.047
2458,63.868,8.046
2459,63.868,8.045
2460,63.868,8.044
2461,63.869,8.043
2462,63.869,8.042
2463,63.869,8.041
2464,63.869,8.04
2465,63.869,8.039
2466,63.869,8.038
2467,63.869,8.037
2468,63.87,8.035
2469,63.87,8.034
2470,63.87,8.033
2471,63.87,8.032
2472,63.87,8.031
2473,63.87,8.03
2474,63.87,8.029
2475,63.87,8.028
2476,63.87,8.026
2477,63.871,8.025
2478,63.871,8.024
2479,63.871,8.023
2480,63.871,8.022
2481,63.871,8.021
2482,63.871,8.02
2483,63.871,8.019
2484,63.871,8.018
2485,63.871,8.016
2486,63.871,8.015
2487,63.871,8.014
2488,63.872,8.013
2489,63.872,8.012
2490,63.872,8.011
2491,63.872,8.01
2492,63.872,8.008
2493,63.872,8.007
2494,63.872,8.006
2495,63.872,8.005
2496,63.872,8.004
2497,63.872,8.003
2498,63.872,8.002
2499,63.872,8.001
2500,63.872,7.999
2501,63.873,7.998
2502,63.873,7.997
2503,63.873,7.996
2504,63.873,7.995
2505,63.873,7.994
2506,63.873,7.993
2507,63.873,7.992
2508,63.874,7.99
2509,63.874,7.989
2510,63.874,7.988
2511,63.874,7.987
2512,63.874,7.986
2513,63.874,7.985
2514,63.874,7.984
2515,63.874,7.983
2516,63.874,7.982
2517,63.875,7.98
2518,63.875,7.979
2519,63.875,7.978
2520,63.875,7.977
2521,63.875,7.976
2522,63.875,7.975
2523,63.875,7.974
2524,63.876,7.972
2525,63.876,7.971
2526,63.876,7.97
2527,63.876,7.969
2528,63.876,7.968
2529,63.876,7.967
2530,63.876,7.966
2531,63.876,7.965
2532,63.876,7.964
2533,63.876,7.963
2534,63.876,7.962
2535,63.876,7.961
2536,63.876,7.96
2537,63.877,7.958
2538,63.877,7.957
2539,63.877,7.956
2540,63.877,7.955
2541,63.877,7.954
2542,63.877,7.953
2543,63.877,7.952
2544,63.877,7.951
2545,63.877,7.95
2546,63.877,7.949
2547,63.877,7.948
2548,63.878,7.946
2549,63.878,7.945
2550,63.878,7.944
2551,63.878,7.943
2552,63.878,7.942
2553,63.878,7.941
2554,63.878,7.94
2555,63.878,7.939
2556,63.878,7.938
2557,63.879,7.936
2558,63.879,7.935
2559,63.879,7.934
2560,63.879,7.933
2561,63.879,7.932
2562,63.878,7.932
2563,63.878,7.931
2564,63.877,7.93
2565,63.877,7.93
2566,63.876,7.929
2567,63.876,7.929
2568,63.876,7.928
2569,63.875,7.927
2570,63.875,7.927
2571,63.874,7.926
2572,63.874,7.926
2573,63.873,7.925
2574,63.873,7.924
2575,63.872,7.924
2576,63.872,7.923
2577,63.872,7.922
2578,63.871,7.922
2579,63.871,7.921
2580,63.87,7.921
2581,63.87,7.92
2582,63.869,7.919
2583,63.869,7.919
2584,63.868,7.918
2585,63.868,7.917
2586,63.868,7.917
2587,63.867,7.916
2588,63.867,7.916
2589,63.866,7.915
2590,63.866,7.914
2591,63.865,7.914
2592,63.865,7.913
2593,63.865,7.912
2594,63.864,7.912
2595,63.864,7.911
2596,63.864,7.91
2597,63.863,7.91
2598,63.863,7.909
2599,63.862,7.909
2600,63.862,7.908
2601,63.862,7.907
2602,63.861,7.907
2603,63.861,7.906
2604,63.86,7.906
2605,63.86,7.905
2606,63.86,7.904
2607,63.859,7.904
2608,63.859,7.903
2609,63.859,7.902
2610,63.858,7.902
2611,63.858,7.901
2612,63.857,7.9
2613,63.857,7.9
2614,63.856,7.899
2615,63.856,7.899
2616,63.856,7.898
2617,63.855,7.897
2618,63.855,7.897
2619,63.854,7.896
2620,63.854,7.896
2621,63.853,7.895
2622,63.853,7.894
2623,63.852,7.894
2624,63.852,7.893
2625,63.852,7.892
2626,63.851,7.892
2627,63.851,7.891
2628,63.85,7.89
2629,63.85,7.89
2630,63.849,7.889
2631,63.849,7.889
2632,63.848,7.888
2633,63.848,7.887
2634,63.848,7.887
2635,63.847,7.886
2636,63.847,7.886
2637,63.846,7.885
2638,63.846,7.884
2639,63.845,7.884
2640,63.845,7.883
2641,63.845,7.882
2642,63.844,7.882
2643,63.844,7.881
2644,63.843,7.88
2645,63.843,7.88
2646,63.842,7.879
2647,63.842,7.879
2648,63.842,7.878
2649,63.841,7.877
2650,63.841,7.877
2651,63.84,7.876
2652,63.84,7.876
2653,63.839,7.875
2654,63.839,7.874
2655,63.838,7.874
2656,63.838,7.873
2657,63.838,7.872
2658,63.837,7.872
2659,63.837,7.871
2660,63.836,7.87
2661,63.836,7.87
2662,63.835,7.869
2663,63.835,7.869
2664,63.835,7.868
2665,63.834,7.867
2666,63.834,7.867
2667,63.833,7.866
2668,63.833,7.866
2669,63.832,7.865
2670,63.832,7.864
2671,63.831,7.864
2672,63.831,7.863
2673,63.831,7.862
2674,63.83,7.862
2675,63.83,7.861
2676,63.829,7.86
2677,63.829,7.86
2678,63.828,7.859
2679,63.828,7.858
2680,63.828,7.858
2681,63.827,7.857
2682,63.827,7.856
2683,63.826,7.855
2684,63.826,7.855
2685,63.825,7.854
2686,63.825,7.853
2687,63.824,7.853
2688,63.824,7.852
2689,63.824,7.851
2690,63.823,7.851
2691,63.823,7.85
2692,63.822,7.85
2693,63.822,7.849
2694,63.822,7.848
2695,63.821,7.848
2696,63.821,7.847
2697,63.821,7.846
2698,63.82,7.846
2699,63.82,7.845
2700,63.82,7.844
2701,63.819,7.844
2702,63.819,7.843
2703,63.818,7.843
2704,63.818,7.842
2705,63.818,7.841
2706,63.817,7.841
2707,63.817,7.84
2708,63.816,7.839
2709,63.816,7.839
2710,63.815,7.838
2711,63.815,7.838
2712,63.814,7.837
2713,63.814,7.836
2714,63.814,7.836
2715,63.813,7.835
2716,63.813,7.834
2717,63.812,7.834
2718,63.812,7.833
2719,63.811,7.833
2720,63.811,7.832
2721,63.811,7.831
2722,63.81,7.831
2723,63.81,7.83
2724,63.809,7.829
2725,63.809,7.829
2726,63.808,7.828
2727,63.808,7.828
2728,63.808,7.827
2729,63.807,7.826
2730,63.807,7.826
2731,63.806,7.825
2732,63.806,7.824
2733,63.805,7.824
2734,63.805,7.823
2735,63.804,7.823
2736,63.804,7.822
2737,63.804,7.821
2738,63.803,7.821
2739,63.803,7.82
2740,63.802,7.82
2741,63.802,7.819
2742,63.801,7.818
2743,63.801,7.818
2744,63.8,7.817
2745,63.8,7.816
2746,63.8,7.816
2747,63.799,7.815
2748,63.799,7.815
2749,63.798,7.814
2750,63.798,7.813
2751,63.797,7.813
2752,63.797,7.812
2753,63.797,7.811
2754,63.796,7.811
2755,63.796,7.81
2756,63.795,7.81
2757,63.795,7.809
2758,63.794,7.808
2759,63.794,7.808
2760,63.793,7.807
2761,63.793,7.806
2762,63.793,7.806
2763,63.792,7.805
2764,63.792,7.804
2765,63.791,7.804
2766,63.791,7.803
2767,63.79,7.803
2768,63.79,7.802
2769,63.79,7.801
2770,63.789,7.801
2771,63.789,7.8
2772,63.788,7.8
2773,63.788,7.799
2774,63.788,7.798
2775,63.787,7.798
2776,63.787,7.797
2777,63.787,7.796
2778,63.786,7.796
2779,63.786,7.795
2780,63.786,7.794
2781,63.785,7.794
2782,63.785,7.793
2783,63.784,7.793
2784,63.784,7.792
2785,63.784,7.791
2786,63.783,7.791
2787,63.783,7.79
2788,63.782,7.79
2789,63.782,7.789
2790,63.781,7.788
2791,63.781,7.788
2792,63.78,7.787
2793,63.78,7.786
2794,63.78,7.786
2795,63.779,7.785
2796,63.779,7.784
2797,63.778,7.784
2798,63.778,7.783
2799,63.777,7.783
2800,63.777,7.782
2801,63.777,7.781
2802,63.776,7.781
2803,63.776,7.78
2804,63.775,7.78
2805,63.775,7.779
2806,63.774,7.778
2807,63.774,7.778
2808,63.774,7.777
2809,63.773,7.776
2810,63.773,7.776
2811,63.772,7.775
2812,63.772,7.774
2813,63.771,7.774
2814,63.771,7.773
2815,63.77,7.773
2816,63.77,7.772
2817,63.77,7.771
2818,63.769,7.771
2819,63.769,7.77
2820,63.768,7.769
2821,63.768,7.769
2822,63.767,7.768
2823,63.767,7.767
2824,63.766,7.767
2825,63.766,7.766
2826,63.766,7.765
2827,63.765,7.764
2828,63.765,7.764
2829,63.764,7.763
2830,63.764,7.762
2831,63.763,7.762
2832,63.763,7.761
2833,63.763,7.76
2834,63.762,7.76
2835,63.762,7.759
2836,63.761,7.758
2837,63.761,7.758
2838,63.76,7.757
2839,63.76,7.757
2840,63.76,7.756
2841,63.759,7.755
2842,63.759,7.755
2843,63.758,7.754
2844,63.758,7.754
2845,63.757,7.753
2846,63.757,7.752
2847,63.756,7.752
2848,63.756,7.751
2849,63.756,7.75
2850,63.755,7.75
2851,63.755,7.749
2852,63.754,7.748
2853,63.754,7.748
2854,63.753,7.747
2855,63.753,7.746
2856,63.752,7.746
2857,63.752,7.745
2858,63.752,7.744
2859,63.751,7.743
2860,63.751,7.743
2861,63.75,7.742
2862,63.75,7.741
2863,63.749,7.741
2864,63.749,7.74
2865,63.749,7.739
2866,63.748,7.739
2867,63.748,7.738
2868,63.747,7.737
2869,63.747,7.737
2870,63.746,7.736
2871,63.746,7.735
2872,63.746,7.735
2873,63.745,7.734
2874,63.745,7.733
2875,63.744,7.732
2876,63.744,7.732
2877,63.743,7.731
2878,63.743,7.73
2879,63.742,7.73
2880,63.742,7.729
2881,63.742,7.728
2882,63.741,7.728
2883,63.741,7.727
2884,63.74,7.726
2885,63.74,7.726
2886,63.739,7.725
2887,63.739,7.725
2888,63.738,7.724
2889,63.738,7.723
2890,63.738,7.723
2891,63.737,7.722
2892,63.737,7.722
2893,63.736,7.721
2894,63.736,7.72
2895,63.735,7.72
2896,63.735,7.719
2897,63.735,7.718
2898,63.734,7.718
2899,63.734,7.717
2900,63.733,7.716
2901,63.733,7.716
2902,63.732,7.715
2903,63.732,7.714
2904,63.732,7.714
2905,63.731,7.713
2906,63.731,7.712
2907,63.73,7.711
2908,63.73,7.711
2909,63.729,7.71
2910,63.729,7.709
2911,63.728,7.709
2912,63.728,7.708
2913,63.728,7.707
2914,63.727,7.707
2915,63.727,7.706
2916,63.726,7.705
2917,63.726,7.705
2918,63.725,7.704
2919,63.725,7.703
2920,63.724,7.703
2921,63.724,7.702
2922,63.724,7.701
2923,63.723,7.7
2924,63.723,7.7
2925,63.722,7.699
2926,63.722,7.698
2927,63.721,7.698
2928,63.721,7.697
2929,63.721,7.696
2930,63.72,7.696
2931,63.72,7.695
2932,63.719,7.694
2933,63.719,7.694
2934,63.718,7.693
2935,63.718,7.693
2936,63.718,7.692
2937,63.717,7.691
2938,63.717,7.691
2939,63.716,7.69
2940,63.716,7.69
2941,63.715,7.689
2942,63.715,7.688
2943,63.714,7.688
2944,63.714,7.687
2945,63.714,7.686
2946,63.713,7.686
2947,63.713,7.685
2948,63.712,7.684
2949,63.712,7.684
2950,63.711,7.683
2951,63.711,7.682
2952,63.71,7.682
2953,63.71,7.681
2954,63.71,7.68
2955,63.709,7.679
2956,63.709,7.679
2957,63.708,7.678
2958,63.708,7.677
2959,63.707,7.677
2960,63.707,7.676
2961,63.707,7.675
2962,63.706,7.675
2963,63.706,7.674
2964,63.705,7.673
2965,63.705,7.673
2966,63.704,7.672
2967,63.704,7.671
2968,63.704,7.671
2969,63.703,7.67
2970,63.703,7.669
2971,63.702,7.668
2972,63.702,7.668
2973,63.701,7.667
2974,63.701,7.666
2975,63.7,7.666
2976,63.7,7.665
2977,63.7,7.664
2978,63.699,7.664
2979,63.699,7.663
2980,63.698,7.662
2981,63.698,7.662
2982,63.697,7.661
2983,63.697,7.66
2984,63.696,7.659
2985,63.696,7.659
2986,63.696,7.658
2987,63.695,7.657
2988,63.695,7.657
2989,63.694,7.656
2990,63.694,7.655
2991,63.693,7.655
2992,63.693,7.654
2993,63.693,7.653
2994,63.692,7.653
2995,63.692,7.652
2996,63.691,7.652
2997,63.691,7.651
2998,63.69,7.65
2999,63.69,7.65
3000,63.689,7.649
3001,63.689,7.648
3002,63.689,7.648
3003,63.688,7.647
3004,63.688,7.646
3005,63.687,7.646
3006,63.687,7.645
3007,63.686,7.645
3008,63.686,7.644
3009,63.686,7.643
3010,63.685,7.643
3011,63.685,7.642
3012,63.684,7.641
3013,63.684,7.641
3014,63.683,7.64
3015,63.683,7.639
3016,63.683,7.639
3017,63.682,7.638
3018,63.682,7.637
3019,63.681,7.636
3020,63.681,7.636
3021,63.68,7.635
3022,63.68,7.634
3023,63.679,7.634
3024,63.679,7.633
3025,63.679,7.632
3026,63.678,7.632
3027,63.678,7.631
3028,63.677,7.63
3029,63.677,7.63
3030,63.676,7.629
3031,63.676,7.628
3032,63.676,7.627
3033,63.675,7.627
3034,63.675,7.626
3035,63.674,7.625
3036,63.674,7.625
3037,63.673,7.624
3038,63.673,7.623
3039,63.672,7.623
3040,63.672,7.622
3041,63.672,7.621
3042,63.671,7.621
3043,63.671,7.62
3044,63.67,7.62
3045,63.67,7.619
3046,63.669,7.618
3047,63.669,7.618
3048,63.668,7.617
3049,63.668,7.616
3050,63.668,7.616
3051,63.667,7.615
3052,63.667,7.614
3053,63.666,7.614
3054,63.666,7.613
3055,63.665,7.613
3056,63.665,7.612
3057,63.665,7.611
3058,63.664,7.611
3059,63.664,7.61
3060,63.663,7.609
3061,63.663,7.609
3062,63.662,7.608
3063,63.662,7.607
3064,63.662,7.607
3065,63.661,7.606
3066,63.661,7.605
3067,63.66,7.604
3068,63.66,7.604
3069,63.659,7.603
3070,63.659,7.602
3071,63.658,7.602
3072,63.658,7.601
3073,63.658,7.6
3074,63.657,7.6
3075,63.657,7.599
3076,63.656,7.598
3077,63.656,7.598
3078,63.655,7.597
3079,63.655,7.597
3080,63.654,7.596
3081,63.654,7.595
3082,63.654,7.595
3083,63.653,7.594
3084,63.653,7.594
3085,63.652,7.593
3086,63.652,7.592
3087,63.651,7.592
3088,63.651,7.591
3089,63.65,7.59
3090,63.65,7.59
3091,63.65,7.589
3092,63.649,7.589
3093,63.649,7.588
3094,63.648,7.588
3095,63.648,7.587
3096,63.647,7.586
3097,63.646,7.586
3098,63.646,7.585
3099,63.646,7.585
3100,63.645,7.584
3101,63.644,7.584
3102,63.644,7.583
3103,63.644,7.583
3104,63.643,7.582
3105,63.643,7.581
3106,63.642,7.581
3107,63.642,7.58
3108,63.641,7.579
3109,63.641,7.579
3110,63.64,7.578
3111,63.64,7.578
3112,63.64,7.577
3113,63.639,7.576
3114,63.639,7.576
3115,63.638,7.575
3116,63.638,7.574
3117,63.637,7.574
3118,63.637,7.573
3119,63.636,7.573
3120,63.636,7.572
3121,63.636,7.571
3122,63.635,7.571
3123,63.634,7.57
3124,63.634,7.57
3125,63.634,7.569
3126,63.633,7.569
3127,63.632,7.568
3128,63.632,7.568
3129,63.632,7.567
3130,63.631,7.566
3131,63.63,7.566
3132,63.63,7.565
3133,63.63,7.565
3134,63.629,7.564
3135,63.628,7.564
3136,63.628,7.563
3137,63.628,7.562
3138,63.627,7.562
3139,63.627,7.561
3140,63.626,7.56
3141,63.626,7.56
3142,63.625,7.559
3143,63.625,7.559
3144,63.624,7.558
3145,63.624,7.557
3146,63.624,7.557
3147,63.623,7.556
3148,63.623,7.556
3149,63.622,7.555
3150,63.622,7.554
3151,63.621,7.554
3152,63.621,7.553
3153,63.621,7.552
3154,63.62,7.552
3155,63.62,7.551
3156,63.619,7.551
3157,63.619,7.55
3158,63.618,7.55
3159,63.618,7.549
3160,63.618,7.548
3161,63.617,7.548
3162,63.617,7.547
3163,63.616,7.547
3164,63.616,7.546
3165,63.615,7.546
3166,63.615,7.545
3167,63.614,7.545
3168,63.614,7.544
3169,63.613,7.543
3170,63.613,7.543
3171,63.612,7.542
3172,63.612,7.541
3173,63.612,7.541
3174,63.611,7.54
3175,63.61,7.54
3176,63.61,7.539
3177,63.61,7.538
3178,63.609,7.538
3179,63.608,7.537
3180,63.608,7.536
3181,63.608,7.536
3182,63.607,7.535
3183,63.607,7.535
3184,63.606,7.534
3185,63.606,7.533
3186,63.605,7.533
3187,63.605,7.532
3188,63.604,7.531
3189,63.604,7.531
3190,63.603,7.53
3191,63.603,7.53
3192,63.602,7.529
3193,63.602,7.528
3194,63.602,7.528
3195,63.601,7.527
3196,63.601,7.526
3197,63.6,7.526
3198,63.6,7.525
3199,63.599,7.525
3200,63.599,7.524
3201,63.599,7.523
3202,63.598,7.523
3203,63.598,7.522
3204,63.597,7.522
3205,63.597,7.521
3206,63.596,7.521
3207,63.596,7.52
3208,63.596,7.52
3209,63.595,7.519
3210,63.595,7.518
3211,63.594,7.518
3212,63.594,7.517
3213,63.593,7.517
3214,63.593,7.516
3215,63.592,7.516
3216,63.592,7.515
3217,63.592,7.514
3218,63.591,7.514
3219,63.59,7.513
3220,63.59,7.512
3221,63.59,7.512
3222,63.589,7.511
3223,63.588,7.511
3224,63.588,7.51
3225,63.588,7.509
3226,63.587,7.509
3227,63.586,7.508
3228,63.586,7.508
3229,63.586,7.507
3230,63.585,7.506
3231,63.585,7.506
3232,63.584,7.505
3233,63.584,7.504
3234,63.583,7.504
3235,63.583,7.503
3236,63.582,7.503
3237,63.582,7.502
3238,63.581,7.502
3239,63.581,7.501
3240,63.58,7.501
3241,63.58,7.5
3242,63.58,7.499
3243,63.579,7.499
3244,63.579,7.498
3245,63.578,7.498
3246,63.578,7.497
3247,63.577,7.497
3248,63.577,7.496
3249,63.577,7.495
3250,63.576,7.495
3251,63.576,7.494
3252,63.575,7.494
3253,63.575,7.493
3254,63.574,7.492
3255,63.574,7.492
3256,63.573,7.491
3257,63.573,7.49
3258,63.573,7.49
3259,63.572,7.489
3260,63.572,7.488
3261,63.571,7.488
3262,63.571,7.487
3263,63.57,7.487
3264,63.57,7.486
3265,63.57,7.485
3266,63.569,7.485
3267,63.568,7.484
3268,63.568,7.484
3269,63.568,7.483
3270,63.567,7.483
3271,63.566,7.482
3272,63.566,7.482
3273,63.566,7.481
3274,63.565,7.48
3275,63.564,7.48
3276,63.564,7.479
3277,63.564,7.479
3278,63.563,7.478
3279,63.562,7.478
3280,63.562,7.477
3281,63.562,7.476
3282,63.561,7.476
3283,63.561,7.475
3284,63.56,7.474
3285,63.56,7.474
3286,63.559,7.473
3287,63.559,7.473
3288,63.558,7.472
3289,63.558,7.471
3290,63.558,7.471
3291,63.557,7.47
3292,63.557,7.47
3293,63.556,7.469
3294,63.556,7.468
3295,63.555,7.468
3296,63.555,7.467
3297,63.554,7.466
3298,63.554,7.466
3299,63.554,7.465
3300,63.553,7.465
3301,63.552,7.464
3302,63.552,7.464
3303,63.552,7.463
3304,63.551,7.462
3305,63.55,7.462
3306,63.55,7.461
3307,63.549,7.461
3308,63.549,7.46
3309,63.548,7.46
3310,63.548,7.459
3311,63.548,7.459
3312,63.547,7.458
3313,63.547,7.457
3314,63.546,7.457
3315,63.546,7.456
3316,63.545,7.456
3317,63.545,7.455
3318,63.544,7.454
3319,63.544,7.454
3320,63.543,7.453
3321,63.543,7.452
3322,63.543,7.452
3323,63.542,7.451
3324,63.542,7.45
3325,63.541,7.45
3326,63.541,7.449
3327,63.54,7.449
3328,63.54,7.448
3329,63.54,7.448
3330,63.539,7.447
3331,63.538,7.447
3332,63.538,7.446
3333,63.538,7.446
3334,63.537,7.445
3335,63.536,7.445
3336,63.536,7.444
3337,63.536,7.444
3338,63.535,7.444
3339,63.534,7.443
3340,63.534,7.443
3341,63.534,7.442
3342,63.533,7.442
3343,63.532,7.441
3344,63.532,7.441
3345,63.532,7.44
3346,63.531,7.44
3347,63.531,7.44
3348,63.53,7.439
3349,63.53,7.438
3350,63.529,7.438
3351,63.529,7.438
3352,63.528,7.437
3353,63.528,7.436
3354,63.528,7.436
3355,63.527,7.436
3356,63.527,7.435
3357,63.526,7.434
3358,63.526,7.434
3359,63.525,7.434
3360,63.525,7.433
3361,63.524,7.433
3362,63.524,7.432
3363,63.524,7.432
3364,63.523,7.431
3365,63.522,7.431
3366,63.522,7.43
3367,63.522,7.43
3368,63.521,7.43
3369,63.52,7.429
3370,63.52,7.429
3371,63.52,7.428
3372,63.519,7.428
3373,63.518,7.427
3374,63.518,7.427
3375,63.518,7.426
3376,63.517,7.426
3377,63.517,7.426
3378,63.516,7.425
3379,63.516,7.424
3380,63.515,7.424
3381,63.515,7.424
3382,63.514,7.423
3383,63.514,7.422
3384,63.514,7.422
3385,63.513,7.422
3386,63.513,7.421
3387,63.512,7.421
3388,63.512,7.42
3389,63.511,7.42
3390,63.511,7.419
3391,63.51,7.418
3392,63.51,7.418
3393,63.509,7.418
3394,63.509,7.417
3395,63.508,7.417
3396,63.508,7.416
3397,63.508,7.416
3398,63.507,7.415
3399,63.506,7.415
3400,63.506,7.414
3401,63.506,7.414
3402,63.505,7.414
3403,63.504,7.413
3404,63.504,7.413
3405,63.504,7.412
3406,63.503,7.412
3407,63.503,7.411
3408,63.502,7.411
3409,63.502,7.411
3410,63.501,7.41
3411,63.5,7.41
3412,63.5,7.409
3413,63.5,7.409
3414,63.499,7.408
3415,63.498,7.408
3416,63.498,7.408
3417,63.498,7.407
3418,63.497,7.407
3419,63.496,7.406
3420,63.496,7.406
3421,63.496,7.405
3422,63.495,7.405
3423,63.494,7.404
3424,63.494,7.404
3425,63.494,7.404
3426,63.493,7.403
3427,63.493,7.402
3428,63.492,7.402
3429,63.492,7.401
3430,63.491,7.401
3431,63.491,7.4
3432,63.49,7.4
3433,63.49,7.4
3434,63.49,7.399
3435,63.489,7.398
3436,63.489,7.398
3437,63.488,7.398
3438,63.488,7.397
3439,63.487,7.396
3440,63.487,7.396
3441,63.486,7.396
3442,63.486,7.395
3443,63.486,7.395
3444,63.485,7.394
3445,63.485,7.394
3446,63.484,7.393
3447,63.484,7.393
3448,63.483,7.392
3449,63.482,7.392
3450,63.482,7.392
3451,63.482,7.391
3452,63.481,7.391
3453,63.48,7.39
3454,63.48,7.39
3455,63.48,7.389
3456,63.479,7.389
3457,63.478,7.389
3458,63.478,7.388
3459,63.478,7.388
3460,63.477,7.387
3461,63.476,7.387
3462,63.476,7.386
3463,63.476,7.386
3464,63.475,7.386
3465,63.474,7.385
3466,63.474,7.385
3467,63.473,7.384
3468,63.473,7.384
3469,63.472,7.383
3470,63.472,7.383
3471,63.472,7.382
3472,63.471,7.382
3473,63.471,7.382
3474,63.47,7.381
3475,63.47,7.38
3476,63.469,7.38
3477,63.469,7.379
3478,63.468,7.379
3479,63.468,7.378
3480,63.468,7.378
3481,63.467,7.377
3482,63.467,7.377
3483,63.466,7.376
3484,63.466,7.376
3485,63.465,7.376
3486,63.465,7.375
3487,63.464,7.374
3488,63.464,7.374
3489,63.463,7.374
3490,63.463,7.373
3491,63.462,7.373
3492,63.462,7.372
3493,63.462,7.372
3494,63.461,7.371
3495,63.46,7.371
3496,63.46,7.37
3497,63.46,7.37
3498,63.459,7.37
3499,63.458,7.369
3500,63.458,7.369
3501,63.458,7.368
3502,63.457,7.368
3503,63.457,7.367
3504,63.456,7.367
3505,63.456,7.367
3506,63.455,7.366
3507,63.454,7.366
3508,63.454,7.365
3509,63.454,7.365
3510,63.453,7.364
3511,63.452,7.364
3512,63.452,7.364
3513,63.452,7.363
3514,63.451,7.363
3515,63.45,7.362
3516,63.45,7.362
3517,63.45,7.361
3518,63.449,7.361
3519,63.448,7.36
3520,63.448,7.36
3521,63.448,7.36
3522,63.447,7.359
3523,63.447,7.358
3524,63.446,7.358
3525,63.446,7.358
3526,63.445,7.357
3527,63.445,7.357
3528,63.445,7.356
3529,63.444,7.356
3530,63.444,7.355
3531,63.443,7.355
3532,63.443,7.354
3533,63.442,7.354
3534,63.442,7.353
3535,63.441,7.352
3536,63.441,7.352
3537,63.44,7.352
3538,63.44,7.351
3539,63.44,7.351
3540,63.439,7.35
3541,63.439,7.35
3542,63.438,7.349
3543,63.438,7.349
3544,63.437,7.348
3545,63.436,7.348
3546,63.436,7.348
3547,63.436,7.347
3548,63.435,7.347
3549,63.434,7.346
3550,63.434,7.346
3551,63.434,7.345
3552,63.433,7.345
3553,63.433,7.344
3554,63.432,7.344
3555,63.432,7.344
3556,63.431,7.343
3557,63.431,7.342
3558,63.43,7.342
3559,63.43,7.342
3560,63.43,7.341
3561,63.429,7.34
3562,63.429,7.34
3563,63.428,7.34
3564,63.428,7.339
3565,63.427,7.338
3566,63.427,7.338
3567,63.426,7.337
3568,63.426,7.337
3569,63.426,7.337
3570,63.425,7.336
3571,63.424,7.336
3572,63.424,7.335
3573,63.424,7.335
3574,63.423,7.334
3575,63.422,7.334
3576,63.422,7.334
3577,63.422,7.333
3578,63.421,7.333
3579,63.42,7.332
3580,63.42,7.332
3581,63.42,7.331
3582,63.419,7.331
3583,63.418,7.33
3584,63.418,7.33
3585,63.418,7.33
3586,63.417,7.329
3587,63.416,7.328
3588,63.416,7.328
3589,63.416,7.328
3590,63.415,7.327
3591,63.414,7.326
3592,63.414,7.326
3593,63.414,7.326
3594,63.413,7.325
3595,63.412,7.324
3596,63.412,7.324
3597,63.412,7.324
3598,63.411,7.323
3599,63.41,7.322
3600,63.41,7.322
3601,63.409,7.322
3602,63.409,7.321
3603,63.408,7.321
3604,63.408,7.32
3605,63.408,7.32
3606,63.407,7.319
3607,63.406,7.319
3608,63.406,7.318
3609,63.406,7.318
3610,63.405,7.318
3611,63.404,7.317
3612,63.404,7.317
3613,63.404,7.316
3614,63.403,7.316
3615,63.402,7.315
3616,63.402,7.315
3617,63.402,7.315
3618,63.401,7.314
3619,63.4,7.314
3620,63.4,7.313
3621,63.4,7.312
3622,63.399,7.312
3623,63.398,7.312
3624,63.398,7.311
3625,63.398,7.31
3626,63.397,7.31
3627,63.396,7.31
3628,63.396,7.309
3629,63.396,7.308
3630,63.395,7.308
3631,63.394,7.308
3632,63.394,7.307
3633,63.393,7.307
3634,63.393,7.306
3635,63.392,7.306
3636,63.392,7.305
3637,63.392,7.304
3638,63.391,7.304
3639,63.39,7.304
3640,63.39,7.303
3641,63.39,7.302
3642,63.389,7.302
3643,63.388,7.302
3644,63.388,7.301
3645,63.388,7.3
3646,63.387,7.3
3647,63.387,7.3
3648,63.386,7.299
3649,63.386,7.299
3650,63.385,7.298
3651,63.385,7.298
3652,63.384,7.297
3653,63.384,7.297
3654,63.383,7.296
3655,63.383,7.296
3656,63.382,7.296
3657,63.382,7.295
3658,63.382,7.295
3659,63.381,7.294
3660,63.381,7.294
3661,63.38,7.293
3662,63.38,7.293
3663,63.379,7.292
3664,63.379,7.292
3665,63.378,7.292
3666,63.378,7.291
3667,63.378,7.29
3668,63.377,7.29
3669,63.376,7.289
3670,63.376,7.289
3671,63.376,7.288
3672,63.375,7.288
3673,63.374,7.288
3674,63.374,7.287
3675,63.374,7.286
3676,63.373,7.286
3677,63.372,7.286
3678,63.372,7.285
3679,63.372,7.284
3680,63.371,7.284
3681,63.37,7.284
3682,63.37,7.283
3683,63.37,7.282
3684,63.369,7.282
3685,63.369,7.281
3686,63.368,7.281
3687,63.368,7.28
3688,63.367,7.28
3689,63.366,7.28
3690,63.366,7.279
3691,63.366,7.278
3692,63.365,7.278
3693,63.364,7.278
3694,63.364,7.277
3695,63.364,7.276
3696,63.363,7.276
3697,63.362,7.276
3698,63.362,7.275
3699,63.362,7.274
3700,63.361,7.274
3701,63.36,7.273
3702,63.36,7.273
3703,63.36,7.272
3704,63.359,7.272
3705,63.358,7.272
3706,63.358,7.271
3707,63.357,7.27
3708,63.357,7.27
3709,63.356,7.27
3710,63.356,7.269
3711,63.356,7.268
3712,63.355,7.268
3713,63.354,7.268
3714,63.354,7.267
3715,63.354,7.267
3716,63.353,7.266
3717,63.352,7.266
3718,63.352,7.265
3719,63.352,7.265
3720,63.351,7.264
3721,63.35,7.264
3722,63.35,7.264
3723,63.35,7.263
3724,63.349,7.263
3725,63.348,7.262
3726,63.348,7.262
3727,63.348,7.261
3728,63.347,7.261
3729,63.346,7.26
3730,63.346,7.26
3731,63.346,7.26
3732,63.345,7.259
3733,63.344,7.258
3734,63.344,7.258
3735,63.344,7.258
3736,63.343,7.257
3737,63.342,7.256
3738,63.342,7.256
3739,63.342,7.256
3740,63.341,7.255
3741,63.34,7.254
3742,63.34,7.254
3743,63.34,7.254
3744,63.339,7.253
3745,63.338,7.252
3746,63.338,7.252
3747,63.338,7.252
3748,63.337,7.251
3749,63.336,7.25
3750,63.336,7.25
3751,63.336,7.25
3752,63.335,7.249
3753,63.334,7.248
3754,63.334,7.248
3755,63.334,7.248
3756,63.333,7.247
3757,63.332,7.246
3758,63.332,7.246
3759,63.332,7.246
3760,63.331,7.245
3761,63.331,7.245
3762,63.33,7.244
3763,63.33,7.244
3764,63.329,7.243
3765,63.329,7.243
3766,63.328,7.242
3767,63.328,7.242
3768,63.328,7.242
3769,63.327,7.241
3770,63.327,7.241
3771,63.326,7.24
3772,63.326,7.24
3773,63.325,7.239
3774,63.325,7.239
3775,63.324,7.238
3776,63.324,7.238
3777,63.323,7.238
3778,63.323,7.237
3779,63.322,7.236
3780,63.322,7.236
3781,63.322,7.236
3782,63.321,7.235
3783,63.32,7.235
3784,63.32,7.234
3785,63.32,7.234
3786,63.319,7.233
3787,63.318,7.233
3788,63.318,7.232
3789,63.318,7.232
3790,63.317,7.231
3791,63.317,7.23
3792,63.316,7.23
3793,63.316,7.23
3794,63.315,7.229
3795,63.314,7.228
3796,63.314,7.228
3797,63.314,7.228
3798,63.313,7.227
3799,63.312,7.227
3800,63.312,7.226
3801,63.312,7.226
3802,63.311,7.225
3803,63.31,7.225
3804,63.31,7.224
3805,63.31,7.224
3806,63.309,7.223
3807,63.308,7.222
3808,63.308,7.222
3809,63.308,7.222
3810,63.307,7.221
3811,63.306,7.221
3812,63.306,7.22
3813,63.306,7.22
3814,63.305,7.219
3815,63.304,7.219
3816,63.304,7.219
3817,63.304,7.218
3818,63.303,7.218
3819,63.302,7.217
3820,63.302,7.217
3821,63.302,7.216
3822,63.301,7.216
3823,63.3,7.215
3824,63.3,7.215
3825,63.299,7.214
3826,63.299,7.214
3827,63.298,7.214
3828,63.298,7.213
3829,63.298,7.212
3830,63.297,7.212
3831,63.296,7.212
3832,63.296,7.211
3833,63.296,7.21
3834,63.295,7.21
3835,63.294,7.21
3836,63.294,7.209
3837,63.294,7.208
3838,63.293,7.208
3839,63.293,7.208
3840,63.292,7.207
3841,63.292,7.206
3842,63.291,7.206
3843,63.291,7.205
3844,63.29,7.204
3845,63.29,7.204
3846,63.289,7.203
3847,63.289,7.202
3848,63.288,7.201
3849,63.288,7.201
3850,63.288,7.2
3851,63.287,7.199
3852,63.287,7.199
3853,63.286,7.198
3854,63.286,7.197
3855,63.285,7.197
3856,63.285,7.196
3857,63.285,7.195
3858,63.284,7.195
3859,63.284,7.194
3860,63.283,7.193
3861,63.283,7.193
3862,63.282,7.192
3863,63.282,7.191
3864,63.281,7.19
3865,63.281,7.19
3866,63.281,7.189
3867,63.28,7.188
3868,63.28,7.188
3869,63.279,7.187
3870,63.279,7.186
3871,63.278,7.186
3872,63.278,7.185
3873,63.278,7.184
3874,63.277,7.184
3875,63.277,7.183
3876,63.276,7.182
3877,63.276,7.182
3878,63.275,7.181
3879,63.275,7.18
3880,63.274,7.18
3881,63.274,7.179
3882,63.274,7.178
3883,63.273,7.177
3884,63.273,7.177
3885,63.272,7.176
3886,63.272,7.175
3887,63.271,7.175
3888,63.271,7.174
3889,63.271,7.173
3890,63.27,7.173
3891,63.27,7.172
3892,63.269,7.171
3893,63.269,7.171
3894,63.268,7.17
3895,63.268,7.169
3896,63.268,7.168
3897,63.267,7.168
3898,63.267,7.167
3899,63.266,7.166
3900,63.266,7.166
3901,63.265,7.165
3902,63.265,7.164
3903,63.264,7.164
3904,63.264,7.163
3905,63.264,7.162
3906,63.263,7.162
3907,63.263,7.161
3908,63.262,7.16
3909,63.262,7.16
3910,63.262,7.159
3911,63.261,7.158
3912,63.261,7.158
3913,63.261,7.157
3914,63.26,7.156
3915,63.26,7.155
3916,63.26,7.155
3917,63.259,7.154
3918,63.259,7.153
3919,63.258,7.153
3920,63.258,7.152
3921,63.258,7.151
3922,63.257,7.151
3923,63.257,7.15
3924,63.256,7.149
3925,63.256,7.149
3926,63.255,7.148
3927,63.255,7.147
3928,63.254,7.146
3929,63.254,7.146
3930,63.254,7.145
3931,63.253,7.144
3932,63.253,7.144
3933,63.252,7.143
3934,63.252,7.142
3935,63.251,7.142
3936,63.251,7.141
3937,63.251,7.14
3938,63.25,7.14
3939,63.25,7.139
3940,63.249,7.138
3941,63.249,7.138
3942,63.248,7.137
3943,63.248,7.136
3944,63.248,7.136
3945,63.247,7.135
3946,63.247,7.134
3947,63.246,7.133
3948,63.246,7.133
3949,63.245,7.132
3950,63.245,7.131
3951,63.244,7.131
3952,63.244,7.13
3953,63.244,7.129
3954,63.243,7.129
3955,63.243,7.128
3956,63.242,7.127
3957,63.242,7.127
3958,63.241,7.126
3959,63.241,7.125
3960,63.24,7.124
3961,63.24,7.124
3962,63.24,7.123
3963,63.239,7.122
3964,63.239,7.122
3965,63.238,7.121
3966,63.238,7.12
3967,63.237,7.12
3968,63.237,7.119
3969,63.237,7.118
3970,63.236,7.118
3971,63.236,7.117
3972,63.235,7.116
3973,63.235,7.116
3974,63.234,7.115
3975,63.234,7.114
3976,63.234,7.114
3977,63.233,7.113
3978,63.233,7.112
3979,63.232,7.111
3980,63.232,7.111
3981,63.231,7.11
3982,63.231,7.109
3983,63.23,7.109
3984,63.23,7.108
3985,63.23,7.107
3986,63.229,7.107
3987,63.229,7.106
3988,63.228,7.105
3989,63.228,7.105
3990,63.227,7.104
3991,63.227,7.103
3992,63.226,7.102
3993,63.226,7.102
3994,63.226,7.101
3995,63.225,7.1
3996,63.225,7.1
3997,63.224,7.099
3998,63.224,7.098
3999,63.223,7.098
4000,63.223,7.097
4001,63.223,7.096
4002,63.222,7.096
4003,63.222,7.095
4004,63.221,7.094
4005,63.221,7.094
4006,63.22,7.093
4007,63.22,7.092
4008,63.22,7.092
4009,63.219,7.091
4010,63.219,7.09
4011,63.218,7.089
4012,63.218,7.089
4013,63.217,7.088
4014,63.217,7.087
4015,63.216,7.087
4016,63.216,7.086
4017,63.216,7.085
4018,63.215,7.085
4019,63.215,7.084
4020,63.214,7.083
4021,63.214,7.083
4022,63.214,7.082
4023,63.213,7.081
4024,63.213,7.081
4025,63.213,7.08
4026,63.212,7.079
4027,63.212,7.078
4028,63.212,7.078
4029,63.211,7.077
4030,63.211,7.076
4031,63.21,7.076
4032,63.21,7.075
4033,63.21,7.074
4034,63.209,7.074
4035,63.209,7.073
4036,63.208,7.072
4037,63.208,7.072
4038,63.207,7.071
4039,63.207,7.07
4040,63.207,7.07
4041,63.206,7.069
4042,63.206,7.068
4043,63.205,7.067
4044,63.205,7.067
4045,63.204,7.066
4046,63.204,7.065
4047,63.203,7.065
4048,63.203,7.064
4049,63.203,7.063
4050,63.202,7.063
4051,63.202,7.062
4052,63.201,7.061
4053,63.201,7.061
4054,63.2,7.06
4055,63.2,7.059
4056,63.2,7.058
4057,63.199,7.058
4058,63.199,7.057
4059,63.198,7.056
4060,63.198,7.056
4061,63.197,7.055
4062,63.197,7.054
4063,63.196,7.054
4064,63.196,7.053
4065,63.196,7.052
4066,63.195,7.052
4067,63.195,7.051
4068,63.194,7.05
4069,63.194,7.05
4070,63.193,7.049
4071,63.193,7.048
4072,63.192,7.047
4073,63.192,7.047
4074,63.192,7.046
4075,63.191,7.045
4076,63.191,7.045
4077,63.19,7.044
4078,63.19,7.043
4079,63.189,7.043
4080,63.189,7.042
4081,63.189,7.041
4082,63.188,7.041
4083,63.188,7.04
4084,63.187,7.039
4085,63.187,7.039
4086,63.186,7.038
4087,63.186,7.037
4088,63.186,7.036
4089,63.185,7.036
4090,63.185,7.035
4091,63.184,7.034
4092,63.184,7.034
4093,63.183,7.033
4094,63.183,7.032
4095,63.182,7.032
4096,63.182,7.031
4097,63.182,7.03
4098,63.181,7.029
4099,63.181,7.029
4100,63.18,7.028
4101,63.18,7.027
4102,63.18,7.026
4103,63.179,7.025
4104,63.179,7.024
4105,63.179,7.024
4106,63.178,7.023
4107,63.178,7.022
4108,63.178,7.021
4109,63.177,7.02
4110,63.177,7.02
4111,63.176,7.019
4112,63.176,7.018
4113,63.176,7.017
4114,63.175,7.016
4115,63.175,7.016
4116,63.174,7.015
4117,63.174,7.014
4118,63.174,7.014
4119,63.173,7.013
4120,63.173,7.012
4121,63.173,7.011
4122,63.172,7.01
4123,63.172,7.01
4124,63.172,7.009
4125,63.171,7.008
4126,63.171,7.008
4127,63.17,7.007
4128,63.17,7.006
4129,63.17,7.005
4130,63.169,7.004
4131,63.169,7.004
4132,63.168,7.003
4133,63.168,7.002
4134,63.167,7.002
4135,63.167,7.001
4136,63.166,7.0
4137,63.166,6.999
4138,63.166,6.998
4139,63.165,6.998
4140,63.165,6.997
4141,63.164,6.996
4142,63.164,6.996
4143,63.163,6.995
4144,63.163,6.994
4145,63.163,6.993
4146,63.162,6.992
4147,63.162,6.992
4148,63.162,6.991
4149,63.161,6.99
4150,63.161,6.989
4151,63.16,6.988
4152,63.16,6.988
4153,63.16,6.987
4154,63.159,6.986
4155,63.159,6.985
4156,63.158,6.984
4157,63.158,6.983
4158,63.158,6.983
4159,63.157,6.982
4160,63.157,6.981
4161,63.157,6.98
4162,63.156,6.979
4163,63.156,6.979
4164,63.156,6.978
4165,63.155,6.977
4166,63.155,6.976
4167,63.154,6.975
4168,63.154,6.974
4169,63.154,6.974
4170,63.153,6.973
4171,63.153,6.972
4172,63.152,6.971
4173,63.152,6.97
4174,63.152,6.97
4175,63.151,6.969
4176,63.151,6.968
4177,63.151,6.967
4178,63.15,6.966
4179,63.15,6.966
4180,63.15,6.965
4181,63.149,6.964
4182,63.149,6.964
4183,63.148,6.963
4184,63.148,6.962
4185,63.148,6.961
4186,63.147,6.961
4187,63.147,6.96
4188,63.146,6.959
4189,63.146,6.958
4190,63.146,6.958
4191,63.145,6.957
4192,63.145,6.956
4193,63.145,6.955
4194,63.144,6.954
4195,63.144,6.954
4196,63.144,6.953
4197,63.143,6.952
4198,63.143,6.952
4199,63.142,6.951
4200,63.142,6.95
4201,63.142,6.949
4202,63.141,6.948
4203,63.141,6.948
4204,63.14,6.947
4205,63.14,6.946
4206,63.14,6.946
4207,63.139,6.945
4208,63.139,6.944
4209,63.139,6.943
4210,63.138,6.942
4211,63.138,6.942
4212,63.137,6.941
4213,63.137,6.94
4214,63.136,6.939
4215,63.136,6.938
4216,63.136,6.938
4217,63.135,6.937
4218,63.135,6.936
4219,63.134,6.935
4220,63.134,6.934
4221,63.133,6.933
4222,63.133,6.933
4223,63.132,6.932
4224,63.132,6.931
4225,63.132,6.93
4226,63.131,6.929
4227,63.131,6.929
4228,63.13,6.928
4229,63.13,6.927
4230,63.13,6.926
4231,63.129,6.925
4232,63.129,6.924
4233,63.129,6.924
4234,63.128,6.923
4235,63.128,6.922
4236,63.128,6.921
4237,63.127,6.92
4238,63.127,6.92
4239,63.126,6.919
4240,63.126,6.918
4241,63.126,6.917
4242,63.125,6.916
4243,63.125,6.916
4244,63.124,6.915
4245,63.124,6.914
4246,63.124,6.914
4247,63.123,6.913
4248,63.123,6.912
4249,63.123,6.911
4250,63.122,6.91
4251,63.122,6.91
4252,63.122,6.909
4253,63.121,6.908
4254,63.121,6.908
4255,63.12,6.907
4256,63.12,6.906
4257,63.12,6.905
4258,63.119,6.904
4259,63.119,6.904
4260,63.118,6.903
4261,63.118,6.902
4262,63.118,6.901
4263,63.117,6.901
4264,63.117,6.9
4265,63.117,6.899
4266,63.116,6.898
4267,63.116,6.898
4268,63.116,6.897
4269,63.115,6.896
4270,63.115,6.896
4271,63.114,6.895
4272,63.114,6.894
4273,63.114,6.893
4274,63.113,6.892
4275,63.113,6.892
4276,63.112,6.891
4277,63.112,6.89
4278,63.112,6.889
4279,63.111,6.888
4280,63.111,6.888
4281,63.111,6.887
4282,63.11,6.886
4283,63.11,6.885
4284,63.11,6.884
4285,63.109,6.883
4286,63.109,6.883
4287,63.108,6.882
4288,63.108,6.881
4289,63.108,6.88
4290,63.107,6.879
4291,63.107,6.879
4292,63.106,6.878
4293,63.106,6.877
4294,63.106,6.876
4295,63.105,6.875
4296,63.105,6.874
4297,63.105,6.874
4298,63.104,6.873
4299,63.104,6.872
4300,63.104,6.871
4301,63.103,6.87
4302,63.103,6.87
4303,63.102,6.869
4304,63.102,6.868
4305,63.102,6.867
4306,63.101,6.866
4307,63.101,6.866
4308,63.1,6.865
4309,63.1,6.864
4310,63.099,6.864
4311,63.099,6.863
4312,63.098,6.862
4313,63.098,6.861
4314,63.098,6.86
4315,63.097,6.86
4316,63.097,6.859
4317,63.096,6.858
4318,63.096,6.858
4319,63.095,6.857
4320,63.095,6.856
4321,63.095,6.855
4322,63.094,6.854
4323,63.094,6.854
4324,63.094,6.853
4325,63.093,6.852
4326,63.093,6.852
4327,63.092,6.851
4328,63.092,6.85
4329,63.092,6.849
4330,63.091,6.849
4331,63.091,6.848
4332,63.09,6.847
4333,63.09,6.846
4334,63.09,6.846
4335,63.089,6.845
4336,63.089,6.844
4337,63.089,6.843
4338,63.088,6.842
4339,63.088,6.842
4340,63.088,6.841
4341,63.087,6.84
4342,63.087,6.839
4343,63.086,6.838
4344,63.086,6.838
4345,63.086,6.837
4346,63.085,6.836
4347,63.085,6.835
4348,63.084,6.834
4349,63.084,6.833
4350,63.084,6.833
4351,63.083,6.832
4352,63.083,6.831
4353,63.083,6.83
4354,63.082,6.829
4355,63.082,6.829
4356,63.082,6.828
4357,63.081,6.827
4358,63.081,6.826
4359,63.08,6.825
4360,63.08,6.824
4361,63.08,6.824
4362,63.079,6.823
4363,63.079,6.822
4364,63.078,6.821
4365,63.078,6.82
4366,63.078,6.82
4367,63.077,6.819
4368,63.077,6.818
4369,63.077,6.817
4370,63.076,6.816
4371,63.076,6.816
4372,63.076,6.815
4373,63.075,6.814
4374,63.075,6.813
4375,63.074,6.813
4376,63.074,6.812
4377,63.074,6.811
4378,63.073,6.81
4379,63.073,6.81
4380,63.072,6.809
4381,63.072,6.808
4382,63.072,6.808
4383,63.071,6.807
4384,63.071,6.806
4385,63.071,6.805
4386,63.07,6.804
4387,63.07,6.804
4388,63.07,6.803
4389,63.069,6.802
4390,63.069,6.801
4391,63.068,6.8
4392,63.068,6.8
4393,63.068,6.799
4394,63.067,6.798
4395,63.067,6.797
4396,63.066,6.796
4397,63.066,6.795
4398,63.066,6.795
4399,63.065,6.794
4400,63.065,6.793
4401,63.065,6.792
4402,63.064,6.791
4403,63.064,6.791
4404,63.064,6.79
4405,63.063,6.789
4406,63.063,6.788
4407,63.062,6.787
4408,63.062,6.786
4409,63.062,6.786
4410,63.061,6.785
4411,63.061,6.784
4412,63.06,6.783
4413,63.06,6.782
4414,63.06,6.782
4415,63.059,6.781
4416,63.059,6.78
4417,63.059,6.779
4418,63.058,6.778
4419,63.058,6.778
4420,63.058,6.777
4421,63.057,6.776
4422,63.057,6.776
4423,63.056,6.775
4424,63.056,6.774
4425,63.056,6.773
4426,63.055,6.772
4427,63.055,6.772
4428,63.054,6.771
4429,63.054,6.77
4430,63.054,6.77
4431,63.053,6.769
4432,63.053,6.768
4433,63.053,6.767
4434,63.052,6.766
4435,63.052,6.766
4436,63.052,6.765
4437,63.051,6.764
4438,63.051,6.763
4439,63.05,6.762
4440,63.05,6.762
4441,63.05,6.761
4442,63.049,6.76
4443,63.049,6.759
4444,63.048,6.758
4445,63.048,6.757
4446,63.048,6.757
4447,63.047,6.756
4448,63.047,6.755
4449,63.047,6.754
4450,63.046,6.753
4451,63.046,6.753
4452,63.046,6.752
4453,63.045,6.751
4454,63.045,6.75
4455,63.044,6.749
4456,63.044,6.748
4457,63.044,6.748
4458,63.043,6.747
4459,63.043,6.746
4460,63.042,6.745
4461,63.042,6.744
4462,63.042,6.744
4463,63.041,6.743
4464,63.041,6.742
4465,63.041,6.741
4466,63.04,6.74
4467,63.04,6.74
4468,63.039,6.739
4469,63.039,6.738
4470,63.038,6.738
4471,63.038,6.737
4472,63.037,6.736
4473,63.037,6.735
4474,63.037,6.735
4475,63.036,6.734
4476,63.036,6.733
4477,63.035,6.732
4478,63.035,6.732
4479,63.034,6.731
4480,63.034,6.73
4481,63.034,6.729
4482,63.033,6.728
4483,63.033,6.728
4484,63.032,6.727
4485,63.032,6.726
4486,63.032,6.725
4487,63.031,6.724
4488,63.031,6.724
4489,63.031,6.723
4490,63.03,6.722
4491,63.03,6.721
4492,63.03,6.72
4493,63.029,6.719
4494,63.029,6.719
4495,63.028,6.718
4496,63.028,6.717
4497,63.028,6.716
4498,63.027,6.715
4499,63.027,6.715
4500,63.026,6.714
4501,63.026,6.713
4502,63.026,6.712
4503,63.025,6.711
4504,63.025,6.71
4505,63.025,6.71
4506,63.024,6.709
4507,63.024,6.708
4508,63.024,6.707
4509,63.023,6.706
4510,63.023,6.706
4511,63.022,6.705
4512,63.022,6.704
4513,63.022,6.703
4514,63.021,6.702
4515,63.021,6.702
4516,63.02,6.701
4517,63.02,6.7
4518,63.02,6.699
4519,63.019,6.698
4520,63.019,6.698
4521,63.019,6.697
4522,63.018,6.696
4523,63.018,6.695
4524,63.018,6.694
4525,63.017,6.693
4526,63.017,6.693
4527,63.016,6.692
4528,63.016,6.691
4529,63.016,6.69
4530,63.015,6.69
4531,63.015,6.689
4532,63.014,6.688
4533,63.014,6.687
4534,63.014,6.686
4535,63.013,6.686
4536,63.013,6.685
4537,63.013,6.684
4538,63.012,6.684
4539,63.012,6.683
4540,63.012,6.682
4541,63.011,6.681
4542,63.011,6.68
4543,63.01,6.68
4544,63.01,6.679
4545,63.01,6.678
4546,63.009,6.677
4547,63.009,6.677
4548,63.008,6.676
4549,63.008,6.675
4550,63.008,6.674
4551,63.007,6.673
4552,63.007,6.672
4553,63.007,6.672
4554,63.006,6.671
4555,63.006,6.67
4556,63.006,6.669
4557,63.005,6.668
4558,63.005,6.668
4559,63.004,6.667
4560,63.004,6.666
4561,63.004,6.665
4562,63.003,6.664
4563,63.003,6.664
4564,63.002,6.663
4565,63.002,6.662
4566,63.002,6.661
4567,63.001,6.66
4568,63.001,6.659
4569,63.001,6.659
4570,63.0,6.658
4571,63.0,6.657
4572,63.0,6.656
4573,62.999,6.655
4574,62.999,6.655
4575,62.998,6.654
4576,62.998,6.653
4577,62.998,6.652
4578,62.997,6.651
4579,62.997,6.651
4580,62.996,6.65
4581,62.996,6.649
4582,62.996,6.648
4583,62.995,6.648
4584,62.995,6.647
4585,62.995,6.646
4586,62.994,6.646
4587,62.994,6.645
4588,62.994,6.644
4589,62.993,6.643
4590,62.993,6.642
4591,62.992,6.642
4592,62.992,6.641
4593,62.992,6.64
4594,62.991,6.639
4595,62.991,6.639
4596,62.99,6.638
4597,62.99,6.637
4598,62.99,6.636
4599,62.989,6.635
4600,62.989,6.634
4601,62.989,6.634
4602,62.988,6.633
4603,62.988,6.632
4604,62.988,6.631
4605,62.987,6.63
4606,62.987,6.63
4607,62.986,6.629
4608,62.986,6.628
4609,62.986,6.627
4610,62.985,6.626
4611,62.985,6.626
4612,62.984,6.625
4613,62.984,6.624
4614,62.984,6.623
4615,62.983,6.622
4616,62.983,6.622
4617,62.983,6.621
4618,62.982,6.62
4619,62.982,6.619
4620,62.982,6.618
4621,62.981,6.617
4622,62.981,6.617
4623,62.98,6.616
4624,62.98,6.615
4625,62.98,6.614
4626,62.979,6.613
4627,62.979,6.613
4628,62.978,6.612
4629,62.978,6.611
4630,62.978,6.61
4631,62.977,6.609
4632,62.977,6.608
4633,62.977,6.608
4634,62.976,6.607
4635,62.976,6.606
4636,62.976,6.605
4637,62.975,6.604
4638,62.975,6.604
4639,62.974,6.603
4640,62.974,6.602
4641,62.974,6.601
4642,62.973,6.6
4643,62.973,6.6
4644,62.972,6.599
4645,62.972,6.598
4646,62.971,6.597
4647,62.971,6.596
4648,62.97,6.596
4649,62.97,6.595
4650,62.97,6.594
4651,62.969,6.593
4652,62.969,6.592
4653,62.968,6.591
4654,62.968,6.591
4655,62.967,6.59
4656,62.967,6.589
4657,62.967,6.588
4658,62.966,6.587
4659,62.966,6.587
4660,62.966,6.586
4661,62.965,6.585
4662,62.965,6.584
4663,62.964,6.583
4664,62.964,6.582
4665,62.964,6.582
4666,62.963,6.581
4667,62.963,6.58
4668,62.962,6.579
4669,62.962,6.578
4670,62.962,6.578
4671,62.961,6.577
4672,62.961,6.576
4673,62.961,6.575
4674,62.96,6.574
4675,62.96,6.574
4676,62.96,6.573
4677,62.959,6.572
4678,62.959,6.571
4679,62.958,6.57
4680,62.958,6.57
4681,62.958,6.569
4682,62.957,6.568
4683,62.957,6.567
4684,62.956,6.566
4685,62.956,6.565
4686,62.956,6.565
4687,62.955,6.564
4688,62.955,6.563
4689,62.955,6.562
4690,62.954,6.561
4691,62.954,6.561
4692,62.954,6.56
4693,62.953,6.559
4694,62.953,6.558
4695,62.952,6.557
4696,62.952,6.556
4697,62.952,6.556
4698,62.951,6.555
4699,62.951,6.554
4700,62.95,6.553
4701,62.95,6.552
4702,62.95,6.552
4703,62.949,6.551
4704,62.949,6.55
4705,62.949,6.549
4706,62.948,6.548
4707,62.948,6.548
4708,62.948,6.547
4709,62.947,6.546
4710,62.947,6.545
4711,62.946,6.544
4712,62.946,6.544
4713,62.946,6.543
4714,62.945,6.542
4715,62.945,6.541
4716,62.944,6.54
4717,62.944,6.539
4718,62.944,6.539
4719,62.943,6.538
4720,62.943,6.537
4721,62.943,6.536
4722,62.942,6.535
4723,62.942,6.535
4724,62.941,6.534
4725,62.941,6.533
4726,62.94,6.532
4727,62.94,6.531
4728,62.939,6.53
4729,62.939,6.53
4730,62.939,6.529
4731,62.938,6.528
4732,62.938,6.527
4733,62.937,6.526
4734,62.937,6.526
4735,62.936,6.525
4736,62.936,6.524
4737,62.936,6.523
4738,62.935,6.522
4739,62.935,6.521
4740,62.934,6.52
4741,62.934,6.52
4742,62.934,6.519
4743,62.933,6.518
4744,62.933,6.517
4745,62.933,6.516
4746,62.932,6.515
4747,62.932,6.514
4748,62.932,6.514
4749,62.931,6.513
4750,62.931,6.512
4751,62.93,6.511
4752,62.93,6.51
4753,62.93,6.509
4754,62.929,6.508
4755,62.929,6.508
4756,62.928,6.507
4757,62.928,6.506
4758,62.928,6.505
4759,62.927,6.504
4760,62.927,6.504
4761,62.927,6.503
4762,62.926,6.502
4763,62.926,6.501
4764,62.926,6.5
4765,62.925,6.499
4766,62.925,6.499
4767,62.924,6.498
4768,62.924,6.497
4769,62.924,6.496
4770,62.923,6.495
4771,62.923,6.495
4772,62.922,6.494
4773,62.922,6.493
4774,62.922,6.492
4775,62.921,6.491
4776,62.921,6.49
4777,62.921,6.49
4778,62.92,6.489
4779,62.92,6.488
4780,62.92,6.487
4781,62.919,6.486
4782,62.919,6.486
4783,62.918,6.485
4784,62.918,6.484
4785,62.918,6.483
4786,62.917,6.482
4787,62.917,6.482
4788,62.916,6.481
4789,62.916,6.48
4790,62.916,6.479
4791,62.915,6.478
4792,62.915,6.478
4793,62.915,6.477
4794,62.914,6.476
4795,62.914,6.475
4796,62.914,6.474
4797,62.913,6.473
4798,62.913,6.473
4799,62.912,6.472
4800,62.912,6.471
4801,62.912,6.47
4802,62.911,6.469
4803,62.911,6.469
4804,62.91,6.468
4805,62.91,6.467
4806,62.91,6.466
4807,62.909,6.465
4808,62.909,6.464
4809,62.909,6.464
4810,62.908,6.463
4811,62.908,6.462
4812,62.908,6.461
4813,62.907,6.46
4814,62.907,6.46
4815,62.906,6.459
4816,62.906,6.458
4817,62.906,6.457
4818,62.905,6.456
4819,62.905,6.456
4820,62.904,6.455
4821,62.904,6.454
4822,62.903,6.453
4823,62.903,6.452
4824,62.902,6.452
4825,62.902,6.451
4826,62.902,6.45
4827,62.901,6.449
4828,62.901,6.448
4829,62.9,6.447
4830,62.9,6.447
4831,62.899,6.446
4832,62.899,6.445
4833,62.899,6.444
4834,62.898,6.443
4835,62.898,6.443
4836,62.898,6.442
4837,62.897,6.441
4838,62.897,6.44
4839,62.896,6.439
4840,62.896,6.438
4841,62.896,6.438
4842,62.895,6.437
4843,62.895,6.436
4844,62.894,6.435
4845,62.894,6.434
4846,62.894,6.434
4847,62.893,6.433
4848,62.893,6.432
4849,62.893,6.431
4850,62.892,6.43
4851,62.892,6.43
4852,62.892,6.429
4853,62.891,6.428
4854,62.891,6.427
4855,62.89,6.426
4856,62.89,6.426
4857,62.89,6.425
4858,62.889,6.424
4859,62.889,6.423
4860,62.888,6.422
4861,62.888,6.421
4862,62.888,6.421
4863,62.887,6.42
4864,62.887,6.419
4865,62.887,6.418
4866,62.886,6.417
4867,62.886,6.417
4868,62.886,6.416
4869,62.885,6.415
4870,62.885,6.414
4871,62.884,6.413
4872,62.884,6.412
4873,62.884,6.412
4874,62.883,6.411
4875,62.883,6.41
4876,62.882,6.409
4877,62.882,6.408
4878,62.882,6.408
4879,62.881,6.407
4880,62.881,6.406
4881,62.881,6.405
4882,62.88,6.404
4883,62.88,6.403
4884,62.88,6.402
4885,62.879,6.402
4886,62.879,6.401
4887,62.878,6.4
4888,62.878,6.399
4889,62.878,6.398
4890,62.877,6.397
4891,62.877,6.396
4892,62.876,6.396
4893,62.876,6.395
4894,62.876,6.394
4895,62.875,6.393
4896,62.875,6.392
4897,62.875,6.391
4898,62.874,6.39
4899,62.874,6.39
4900,62.874,6.389
4901,62.873,6.388
4902,62.873,6.387
4903,62.873,6.386
4904,62.872,6.386
4905,62.872,6.385
4906,62.872,6.384
4907,62.872,6.383
4908,62.871,6.382
4909,62.871,6.381
4910,62.871,6.381
4911,62.87,6.38
4912,62.87,6.379
4913,62.87,6.378
4914,62.869,6.377
4915,62.869,6.377
4916,62.868,6.376
4917,62.868,6.375
4918,62.868,6.374
4919,62.867,6.373
4920,62.867,6.372
4921,62.867,6.372
4922,62.866,6.371
4923,62.866,6.37
4924,62.866,6.369
4925,62.865,6.368
4926,62.865,6.368
4927,62.864,6.367
4928,62.864,6.366
4929,62.864,6.365
4930,62.863,6.364
4931,62.863,6.363
4932,62.862,6.362
4933,62.862,6.362
4934,62.862,6.361
4935,62.861,6.36
4936,62.861,6.359
4937,62.861,6.358
4938,62.86,6.357
4939,62.86,6.356
4940,62.86,6.356
4941,62.859,6.355
4942,62.859,6.354
4943,62.858,6.353
4944,62.858,6.352
4945,62.858,6.351
4946,62.857,6.35
4947,62.857,6.35
4948,62.856,6.349
4949,62.856,6.348
4950,62.856,6.347
4951,62.855,6.346
4952,62.855,6.346
4953,62.855,6.345
4954,62.854,6.344
4955,62.854,6.343
4956,62.854,6.342
4957,62.853,6.341
4958,62.853,6.341
4959,62.852,6.34
4960,62.852,6.339
4961,62.852,6.338
4962,62.851,6.337
4963,62.851,6.336
4964,62.85,6.336
4965,62.85,6.335
4966,62.85,6.334
4967,62.849,6.333
4968,62.849,6.332
4969,62.849,6.331
4970,62.848,6.33
4971,62.848,6.329
4972,62.848,6.328
4973,62.847,6.328
4974,62.847,6.327
4975,62.846,6.326
4976,62.846,6.325
4977,62.846,6.324
4978,62.845,6.323
4979,62.845,6.323
4980,62.844,6.322
4981,62.844,6.321
4982,62.844,6.32
4983,62.843,6.319
4984,62.843,6.318
4985,62.843,6.318
4986,62.842,6.317
4987,62.842,6.316
4988,62.842,6.315
4989,62.841,6.314
4990,62.841,6.314
4991,62.84,6.313
4992,62.84,6.312
4993,62.84,6.311
4994,62.839,6.31
4995,62.839,6.31
4996,62.839,6.309
4997,62.838,6.308
4998,62.838,6.307
4999,62.838,6.306
5000,62.838,6.306
5001,62.837,6.305
5002,62.837,6.304
5003,62.837,6.303
5004,62.836,6.302
5005,62.836,6.301
5006,62.836,6.301
5007,62.835,6.3
5008,62.835,6.299
5009,62.835,6.298
5010,62.834,6.297
5011,62.834,6.296
5012,62.834,6.296
5013,62.833,6.295
5014,62.833,6.294
5015,62.832,6.293
5016,62.832,6.292
5017,62.832,6.291
5018,62.831,6.29
5019,62.831,6.289
5020,62.83,6.288
5021,62.83,6.288
5022,62.83,6.287
5023,62.829,6.286
5024,62.829,6.285
5025,62.829,6.284
5026,62.828,6.283
5027,62.828,6.283
5028,62.828,6.282
5029,62.827,6.281
5030,62.827,6.28
5031,62.826,6.279
5032,62.826,6.278
5033,62.826,6.278
5034,62.825,6.277
5035,62.825,6.276
5036,62.824,6.275
5037,62.824,6.274
5038,62.824,6.274
5039,62.823,6.273
5040,62.823,6.272
5041,62.823,6.271
5042,62.822,6.27
5043,62.822,6.269
5044,62.822,6.268
5045,62.821,6.268
5046,62.821,6.267
5047,62.82,6.266
5048,62.82,6.265
5049,62.82,6.264
5050,62.819,6.263
5051,62.819,6.262
5052,62.818,6.262
5053,62.818,6.261
5054,62.818,6.26
5055,62.817,6.259
5056,62.817,6.258
5057,62.817,6.257
5058,62.816,6.256
5059,62.816,6.256
5060,62.816,6.255
5061,62.815,6.254
5062,62.815,6.253
5063,62.814,6.252
5064,62.814,6.252
5065,62.814,6.251
5066,62.813,6.25
5067,62.813,6.249
5068,62.812,6.248
5069,62.812,6.247
5070,62.812,6.247
5071,62.811,6.246
5072,62.811,6.245
5073,62.811,6.244
5074,62.81,6.243
5075,62.81,6.243
5076,62.81,6.242
5077,62.809,6.241
5078,62.809,6.24
5079,62.809,6.239
5080,62.808,6.238
5081,62.808,6.238
5082,62.808,6.237
5083,62.808,6.236
5084,62.807,6.235
5085,62.807,6.234
5086,62.807,6.234
5087,62.806,6.233
5088,62.806,6.232
5089,62.806,6.231
5090,62.805,6.23
5091,62.805,6.229
5092,62.804,6.228
5093,62.804,6.228
5094,62.804,6.227
5095,62.803,6.226
5096,62.803,6.225
5097,62.803,6.224
5098,62.802,6.223
5099,62.802,6.222
5100,62.802,6.222
5101,62.801,6.221
5102,62.801,6.22
5103,62.8,6.219
5104,62.8,6.218
5105,62.8,6.217
5106,62.799,6.216
5107,62.799,6.216
5108,62.798,6.215
5109,62.798,6.214
5110,62.798,6.213
5111,62.797,6.212
5112,62.797,6.212
5113,62.797,6.211
5114,62.796,6.21
5115,62.796,6.209
5116,62.796,6.208
5117,62.795,6.207
5118,62.795,6.207
5119,62.794,6.206
5120,62.794,6.205
5121,62.793,6.204
5122,62.793,6.204
5123,62.792,6.204
5124,62.792,6.203
5125,62.792,6.202
5126,62.791,6.202
5127,62.79,6.202
5128,62.79,6.201
5129,62.79,6.2
5130,62.789,6.2
5131,62.788,6.2
5132,62.788,6.199
5133,62.788,6.198
5134,62.787,6.198
5135,62.787,6.198
5136,62.786,6.197
5137,62.786,6.196
5138,62.785,6.196
5139,62.785,6.196
5140,62.784,6.195
5141,62.784,6.194
5142,62.783,6.194
5143,62.783,6.194
5144,62.782,6.193
5145,62.782,6.192
5146,62.782,6.192
5147,62.781,6.192
5148,62.781,6.191
5149,62.78,6.19
5150,62.78,6.19
5151,62.779,6.19
5152,62.779,6.189
5153,62.778,6.188
5154,62.778,6.188
5155,62.778,6.187
5156,62.777,6.187
5157,62.777,6.186
5158,62.776,6.186
5159,62.776,6.185
5160,62.775,6.184
5161,62.774,6.184
5162,62.774,6.183
5163,62.774,6.183
5164,62.773,6.182
5165,62.772,6.182
5166,62.772,6.181
5167,62.772,6.181
5168,62.771,6.18
5169,62.771,6.18
5170,62.77,6.179
5171,62.77,6.178
5172,62.769,6.178
5173,62.769,6.177
5174,62.768,6.177
5175,62.768,6.176
5176,62.768,6.176
5177,62.767,6.176
5178,62.767,6.175
5179,62.766,6.174
5180,62.766,6.174
5181,62.765,6.174
5182,62.765,6.173
5183,62.764,6.172
5184,62.764,6.172
5185,62.764,6.172
5186,62.763,6.171
5187,62.762,6.17
5188,62.762,6.17
5189,62.762,6.169
5190,62.761,6.169
5191,62.76,6.168
5192,62.76,6.168
5193,62.76,6.167
5194,62.759,6.167
5195,62.758,6.166
5196,62.758,6.166
5197,62.758,6.166
5198,62.757,6.165
5199,62.756,6.164
5200,62.756,6.164
5201,62.756,6.164
5202,62.755,6.163
5203,62.755,6.162
5204,62.754,6.162
5205,62.754,6.161
5206,62.753,6.161
5207,62.753,6.16
5208,62.752,6.16
5209,62.752,6.159
5210,62.752,6.159
5211,62.751,6.158
5212,62.751,6.158
5213,62.75,6.158
5214,62.75,6.157
5215,62.749,6.156
5216,62.749,6.156
5217,62.748,6.156
5218,62.748,6.155
5219,62.748,6.154
5220,62.747,6.154
5221,62.747,6.153
5222,62.746,6.153
5223,62.746,6.152
5224,62.745,6.152
5225,62.744,6.151
5226,62.744,6.151
5227,62.744,6.15
5228,62.743,6.15
5229,62.742,6.15
5230,62.742,6.149
5231,62.742,6.148
5232,62.741,6.148
5233,62.741,6.148
5234,62.74,6.147
5235,62.74,6.146
5236,62.739,6.146
5237,62.739,6.145
5238,62.738,6.145
5239,62.738,6.144
5240,62.738,6.144
5241,62.737,6.143
5242,62.737,6.143
5243,62.736,6.142
5244,62.736,6.142
5245,62.735,6.142
5246,62.735,6.141
5247,62.734,6.14
5248,62.734,6.14
5249,62.734,6.139
5250,62.733,6.139
5251,62.732,6.138
5252,62.732,6.138
5253,62.732,6.137
5254,62.731,6.137
5255,62.73,6.136
5256,62.73,6.136
5257,62.73,6.135
5258,62.729,6.134
5259,62.728,6.134
5260,62.728,6.133
5261,62.728,6.133
5262,62.727,6.132
5263,62.726,6.132
5264,62.726,6.131
5265,62.726,6.131
5266,62.725,6.13
5267,62.724,6.13
5268,62.724,6.129
5269,62.724,6.128
5270,62.723,6.128
5271,62.723,6.128
5272,62.722,6.127
5273,62.722,6.126
5274,62.721,6.126
5275,62.72,6.126
5276,62.72,6.125
5277,62.72,6.124
5278,62.719,6.124
5279,62.719,6.124
5280,62.718,6.123
5281,62.718,6.123
5282,62.717,6.122
5283,62.717,6.122
5284,62.716,6.121
5285,62.716,6.12
5286,62.715,6.12
5287,62.715,6.12
5288,62.714,6.119
5289,62.714,6.118
5290,62.714,6.118
5291,62.713,6.118
5292,62.713,6.117
5293,62.712,6.116
5294,62.712,6.116
5295,62.711,6.116
5296,62.711,6.115
5297,62.71,6.115
5298,62.71,6.114
5299,62.71,6.114
5300,62.709,6.113
5301,62.708,6.112
5302,62.708,6.112
5303,62.708,6.112
5304,62.707,6.111
5305,62.706,6.11
5306,62.706,6.11
5307,62.706,6.11
5308,62.705,6.109
5309,62.704,6.108
5310,62.704,6.108
5311,62.704,6.108
5312,62.703,6.107
5313,62.703,6.107
5314,62.702,6.106
5315,62.702,6.106
5316,62.701,6.105
5317,62.701,6.104
5318,62.7,6.104
5319,62.7,6.104
5320,62.7,6.103
5321,62.699,6.102
5322,62.699,6.102
5323,62.698,6.102
5324,62.698,6.101
5325,62.697,6.1
5326,62.697,6.1
5327,62.696,6.1
5328,62.696,6.099
5329,62.695,6.098
5330,62.695,6.098
5331,62.694,6.097
5332,62.694,6.097
5333,62.694,6.096
5334,62.693,6.096
5335,62.692,6.095
5336,62.692,6.094
5337,62.692,6.094
5338,62.691,6.093
5339,62.69,6.093
5340,62.69,6.092
5341,62.69,6.092
5342,62.689,6.091
5343,62.689,6.091
5344,62.688,6.09
5345,62.688,6.09
5346,62.687,6.089
5347,62.687,6.088
5348,62.686,6.088
5349,62.686,6.087
5350,62.685,6.087
5351,62.685,6.086
5352,62.684,6.086
5353,62.684,6.086
5354,62.684,6.085
5355,62.683,6.084
5356,62.683,6.084
5357,62.682,6.084
5358,62.682,6.083
5359,62.681,6.082
5360,62.681,6.082
5361,62.68,6.082
5362,62.68,6.081
5363,62.68,6.08
5364,62.679,6.08
5365,62.678,6.079
5366,62.678,6.079
5367,62.678,6.078
5368,62.677,6.078
5369,62.676,6.078
5370,62.676,6.077
5371,62.676,6.076
5372,62.675,6.076
5373,62.674,6.076
5374,62.674,6.075
5375,62.674,6.074
5376,62.673,6.074
5377,62.672,6.074
5378,62.672,6.075
5379,62.672,6.075
5380,62.671,6.076
5381,62.671,6.076
5382,62.67,6.076
5383,62.67,6.077
5384,62.669,6.077
5385,62.668,6.077
5386,62.668,6.078
5387,62.668,6.078
5388,62.667,6.078
5389,62.666,6.079
5390,62.666,6.079
5391,62.666,6.08
5392,62.665,6.08
5393,62.664,6.08
5394,62.664,6.081
5395,62.664,6.081
5396,62.663,6.082
5397,62.662,6.082
5398,62.662,6.082
5399,62.662,6.083
5400,62.661,6.083
5401,62.66,6.083
5402,62.66,6.084
5403,62.659,6.084
5404,62.659,6.084
5405,62.658,6.085
5406,62.658,6.085
5407,62.658,6.086
5408,62.657,6.086
5409,62.657,6.086
5410,62.656,6.087
5411,62.656,6.087
5412,62.655,6.087
5413,62.655,6.088
5414,62.654,6.088
5415,62.654,6.088
5416,62.653,6.088
5417,62.653,6.089
5418,62.653,6.089
5419,62.652,6.089
5420,62.652,6.09
5421,62.651,6.09
5422,62.651,6.09
5423,62.65,6.091
5424,62.65,6.091
5425,62.649,6.091
5426,62.649,6.092
5427,62.648,6.092
5428,62.648,6.092
5429,62.648,6.093
5430,62.647,6.093
5431,62.646,6.094
5432,62.646,6.094
5433,62.646,6.094
5434,62.645,6.095
5435,62.644,6.095
5436,62.644,6.096
5437,62.644,6.096
5438,62.643,6.096
5439,62.643,6.097
5440,62.642,6.097
5441,62.642,6.097
5442,62.641,6.098
5443,62.64,6.098
5444,62.64,6.099
5445,62.64,6.099
5446,62.639,6.099
5447,62.638,6.1
5448,62.638,6.1
5449,62.638,6.1
5450,62.637,6.101
5451,62.636,6.101
5452,62.636,6.102
5453,62.636,6.102
5454,62.635,6.102
5455,62.634,6.103
5456,62.634,6.103
5457,62.634,6.103
5458,62.633,6.104
5459,62.632,6.104
5460,62.632,6.104
5461,62.632,6.105
5462,62.631,6.105
5463,62.63,6.105
5464,62.63,6.105
5465,62.63,6.106
5466,62.629,6.106
5467,62.628,6.106
5468,62.628,6.107
5469,62.628,6.107
5470,62.627,6.107
5471,62.626,6.108
5472,62.626,6.108
5473,62.625,6.108
5474,62.625,6.109
5475,62.624,6.109
5476,62.624,6.11
5477,62.624,6.11
5478,62.623,6.11
5479,62.622,6.111
5480,62.622,6.111
5481,62.622,6.111
5482,62.621,6.112
5483,62.62,6.112
5484,62.62,6.112
5485,62.62,6.113
5486,62.619,6.113
5487,62.619,6.114
5488,62.618,6.114
5489,62.618,6.114
5490,62.617,6.115
5491,62.616,6.115
5492,62.616,6.116
5493,62.616,6.116
5494,62.615,6.116
5495,62.614,6.117
5496,62.614,6.117
5497,62.614,6.117
5498,62.613,6.118
5499,62.612,6.118
5500,62.612,6.118
5501,62.612,6.119
5502,62.611,6.119
5503,62.61,6.12
5504,62.61,6.12
5505,62.61,6.12
5506,62.609,6.121
5507,62.609,6.121
5508,62.608,6.122
5509,62.608,6.122
5510,62.607,6.122
5511,62.607,6.123
5512,62.606,6.123
5513,62.606,6.123
5514,62.606,6.124
5515,62.605,6.124
5516,62.605,6.124
5517,62.604,6.125
5518,62.604,6.125
5519,62.603,6.126
5520,62.603,6.126
5521,62.602,6.126
5522,62.602,6.127
5523,62.602,6.127
5524,62.601,6.128
5525,62.601,6.128
5526,62.6,6.128
5527,62.6,6.129
5528,62.599,6.129
5529,62.598,6.129
5530,62.598,6.13
5531,62.598,6.13
5532,62.597,6.13
5533,62.596,6.131
5534,62.596,6.131
5535,62.596,6.132
5536,62.595,6.132
5537,62.594,6.132
5538,62.594,6.133
5539,62.594,6.133
5540,62.593,6.133
5541,62.592,6.134
5542,62.592,6.134
5543,62.592,6.134
5544,62.591,6.134
5545,62.59,6.135
5546,62.59,6.135
5547,62.59,6.135
5548,62.589,6.136
5549,62.588,6.136
5550,62.588,6.136
5551,62.588,6.137
5552,62.587,6.137
5553,62.586,6.137
5554,62.586,6.138
5555,62.586,6.138
5556,62.585,6.138
5557,62.585,6.139
5558,62.584,6.139
5559,62.584,6.14
5560,62.583,6.14
5561,62.582,6.14
5562,62.582,6.141
5563,62.582,6.141
5564,62.581,6.142
5565,62.58,6.142
5566,62.58,6.142
5567,62.58,6.143
5568,62.579,6.143
5569,62.578,6.143
5570,62.578,6.144
5571,62.578,6.144
5572,62.577,6.144
5573,62.576,6.145
5574,62.576,6.145
5575,62.576,6.146
5576,62.575,6.146
5577,62.574,6.146
5578,62.574,6.147
5579,62.573,6.147
5580,62.573,6.148
5581,62.572,6.148
5582,62.572,6.148
5583,62.572,6.149
5584,62.571,6.149
5585,62.571,6.149
5586,62.57,6.15
5587,62.57,6.15
5588,62.569,6.15
5589,62.569,6.151
5590,62.568,6.151
5591,62.568,6.152
5592,62.567,6.152
5593,62.567,6.152
5594,62.567,6.153
5595,62.566,6.153
5596,62.566,6.154
5597,62.565,6.154
5598,62.565,6.154
5599,62.564,6.155
5600,62.564,6.155
5601,62.564,6.155
5602,62.563,6.156
5603,62.562,6.156
5604,62.562,6.156
5605,62.562,6.157
5606,62.561,6.157
5607,62.56,6.157
5608,62.56,6.158
5609,62.56,6.158
5610,62.559,6.158
5611,62.558,6.158
5612,62.558,6.159
5613,62.558,6.159
5614,62.557,6.159
5615,62.556,6.16
5616,62.556,6.16
5617,62.555,6.16
5618,62.555,6.161
5619,62.554,6.161
5620,62.554,6.162
5621,62.554,6.162
5622,62.553,6.162
5623,62.552,6.163
5624,62.552,6.163
5625,62.552,6.163
5626,62.551,6.164
5627,62.55,6.164
5628,62.55,6.164
5629,62.55,6.165
5630,62.549,6.165
5631,62.549,6.166
5632,62.548,6.166
