,0,1
0,61.609,5.006
1,61.609,5.005
2,61.608,5.004
3,61.608,5.004
4,61.608,5.003
5,61.607,5.002
6,61.607,5.002
7,61.606,5.001
8,61.606,5.0
9,61.606,4.999
10,61.605,4.998
11,61.605,4.998
12,61.604,4.997
13,61.604,4.996
14,61.604,4.996
15,61.603,4.995
16,61.603,4.994
17,61.603,4.993
18,61.602,4.992
19,61.602,4.992
20,61.601,4.991
21,61.601,4.99
22,61.6,4.99
23,61.6,4.989
24,61.6,4.988
25,61.599,4.987
26,61.599,4.986
27,61.598,4.986
28,61.598,4.985
29,61.597,4.984
30,61.597,4.984
31,61.596,4.983
32,61.596,4.982
33,61.596,4.981
34,61.595,4.98
35,61.595,4.98
36,61.594,4.979
37,61.594,4.978
38,61.594,4.977
39,61.593,4.976
40,61.593,4.976
41,61.593,4.975
42,61.592,4.974
43,61.592,4.973
44,61.592,4.972
45,61.591,4.971
46,61.591,4.971
47,61.59,4.97
48,61.59,4.969
49,61.59,4.968
50,61.589,4.968
51,61.589,4.967
52,61.588,4.966
53,61.588,4.965
54,61.588,4.964
55,61.587,4.964
56,61.587,4.963
57,61.587,4.962
58,61.586,4.962
59,61.586,4.961
60,61.586,4.96
61,61.585,4.959
62,61.585,4.958
63,61.584,4.958
64,61.584,4.957
65,61.584,4.956
66,61.583,4.956
67,61.583,4.955
68,61.582,4.954
69,61.582,4.953
70,61.581,4.952
71,61.581,4.952
72,61.58,4.951
73,61.58,4.95
74,61.58,4.95
75,61.579,4.949
76,61.579,4.948
77,61.578,4.947
78,61.578,4.946
79,61.577,4.946
80,61.577,4.945
81,61.577,4.944
82,61.576,4.944
83,61.576,4.943
84,61.576,4.942
85,61.575,4.941
86,61.575,4.94
87,61.574,4.94
88,61.574,4.939
89,61.574,4.938
90,61.573,4.938
91,61.573,4.937
92,61.572,4.936
93,61.572,4.935
94,61.572,4.934
95,61.571,4.934
96,61.571,4.933
97,61.571,4.932
98,61.57,4.932
99,61.57,4.931
100,61.569,4.93
101,61.569,4.929
102,61.568,4.928
103,61.568,4.928
104,61.567,4.927
105,61.567,4.926
106,61.567,4.926
107,61.566,4.925
108,61.566,4.924
109,61.565,4.923
110,61.565,4.922
111,61.564,4.922
112,61.564,4.921
113,61.564,4.92
114,61.563,4.919
115,61.563,4.919
116,61.562,4.918
117,61.562,4.917
118,61.562,4.916
119,61.561,4.915
120,61.561,4.914
121,61.561,4.914
122,61.56,4.913
123,61.56,4.912
124,61.56,4.911
125,61.559,4.91
126,61.559,4.91
127,61.558,4.909
128,61.558,4.908
129,61.558,4.907
130,61.557,4.906
131,61.557,4.906
132,61.556,4.905
133,61.556,4.904
134,61.556,4.904
135,61.555,4.903
136,61.555,4.902
137,61.555,4.901
138,61.554,4.9
139,61.554,4.9
140,61.554,4.899
141,61.553,4.898
142,61.553,4.898
143,61.552,4.897
144,61.552,4.896
145,61.552,4.895
146,61.551,4.894
147,61.551,4.894
148,61.55,4.893
149,61.55,4.892
150,61.549,4.892
151,61.549,4.891
152,61.549,4.89
153,61.548,4.889
154,61.548,4.889
155,61.547,4.888
156,61.547,4.887
157,61.546,4.886
158,61.546,4.886
159,61.545,4.885
160,61.545,4.884
161,61.545,4.883
162,61.544,4.882
163,61.544,4.882
164,61.544,4.881
165,61.543,4.88
166,61.543,4.88
167,61.542,4.879
168,61.542,4.878
169,61.542,4.877
170,61.541,4.876
171,61.541,4.876
172,61.54,4.875
173,61.54,4.874
174,61.54,4.874
175,61.539,4.873
176,61.539,4.872
177,61.539,4.871
178,61.538,4.87
179,61.538,4.87
180,61.537,4.869
181,61.537,4.868
182,61.536,4.868
183,61.536,4.867
184,61.536,4.866
185,61.535,4.865
186,61.535,4.865
187,61.534,4.864
188,61.534,4.863
189,61.533,4.862
190,61.533,4.862
191,61.532,4.861
192,61.532,4.86
193,61.532,4.859
194,61.531,4.858
195,61.531,4.858
196,61.53,4.857
197,61.53,4.856
198,61.53,4.856
199,61.529,4.855
200,61.529,4.854
201,61.529,4.853
202,61.528,4.852
203,61.528,4.852
204,61.528,4.851
205,61.527,4.85
206,61.527,4.85
207,61.526,4.849
208,61.526,4.848
209,61.526,4.847
210,61.525,4.846
211,61.525,4.846
212,61.524,4.845
213,61.524,4.844
214,61.524,4.843
215,61.523,4.842
216,61.523,4.842
217,61.523,4.841
218,61.522,4.84
219,61.522,4.839
220,61.522,4.838
221,61.521,4.837
222,61.521,4.837
223,61.52,4.836
224,61.52,4.835
225,61.52,4.834
226,61.519,4.834
227,61.519,4.833
228,61.518,4.832
229,61.518,4.831
230,61.517,4.83
231,61.517,4.83
232,61.516,4.829
233,61.516,4.828
234,61.516,4.828
235,61.515,4.827
236,61.515,4.826
237,61.514,4.825
238,61.514,4.824
239,61.513,4.824
240,61.513,4.823
241,61.513,4.822
242,61.512,4.822
243,61.512,4.821
244,61.512,4.82
245,61.511,4.819
246,61.511,4.818
247,61.51,4.818
248,61.51,4.817
249,61.51,4.816
250,61.509,4.816
251,61.509,4.815
252,61.508,4.814
253,61.508,4.813
254,61.508,4.812
255,61.507,4.812
256,61.507,4.811
257,61.507,4.81
258,61.506,4.81
259,61.506,4.809
260,61.505,4.808
261,61.505,4.808
262,61.504,4.807
263,61.504,4.807
264,61.504,4.806
265,61.503,4.805
266,61.503,4.805
267,61.502,4.804
268,61.502,4.804
269,61.501,4.803
270,61.501,4.802
271,61.5,4.802
272,61.5,4.801
273,61.5,4.8
274,61.499,4.8
275,61.499,4.799
276,61.498,4.799
277,61.498,4.798
278,61.498,4.797
279,61.497,4.797
280,61.497,4.796
281,61.497,4.795
282,61.496,4.795
283,61.496,4.794
284,61.496,4.794
285,61.495,4.793
286,61.495,4.792
287,61.494,4.792
288,61.494,4.791
289,61.494,4.79
290,61.493,4.79
291,61.493,4.789
292,61.492,4.788
293,61.492,4.788
294,61.491,4.787
295,61.491,4.787
296,61.49,4.786
297,61.49,4.785
298,61.49,4.785
299,61.489,4.784
300,61.489,4.784
301,61.488,4.783
302,61.488,4.782
303,61.487,4.782
304,61.487,4.781
305,61.487,4.78
306,61.486,4.78
307,61.486,4.779
308,61.485,4.778
309,61.485,4.778
310,61.484,4.777
311,61.484,4.777
312,61.484,4.776
313,61.483,4.775
314,61.483,4.775
315,61.482,4.774
316,61.482,4.774
317,61.481,4.773
318,61.481,4.772
319,61.48,4.772
320,61.48,4.771
321,61.48,4.77
322,61.479,4.77
323,61.479,4.769
324,61.478,4.768
325,61.478,4.768
326,61.477,4.767
327,61.477,4.767
328,61.476,4.766
329,61.476,4.765
330,61.476,4.765
331,61.475,4.764
332,61.475,4.764
333,61.474,4.763
334,61.474,4.762
335,61.473,4.762
336,61.473,4.761
337,61.473,4.76
338,61.472,4.76
339,61.472,4.759
340,61.471,4.758
341,61.471,4.758
342,61.47,4.757
343,61.47,4.757
344,61.47,4.756
345,61.469,4.755
346,61.469,4.755
347,61.468,4.754
348,61.468,4.754
349,61.467,4.753
350,61.467,4.752
351,61.466,4.752
352,61.466,4.751
353,61.466,4.75
354,61.465,4.75
355,61.465,4.749
356,61.464,4.748
357,61.464,4.748
358,61.464,4.747
359,61.463,4.747
360,61.463,4.746
361,61.463,4.745
362,61.462,4.745
363,61.462,4.744
364,61.462,4.744
365,61.461,4.743
366,61.461,4.742
367,61.46,4.742
368,61.46,4.741
369,61.46,4.74
370,61.459,4.74
371,61.459,4.739
372,61.458,4.739
373,61.458,4.738
374,61.457,4.738
375,61.457,4.737
376,61.457,4.736
377,61.456,4.736
378,61.456,4.735
379,61.455,4.735
380,61.455,4.734
381,61.454,4.734
382,61.454,4.733
383,61.453,4.733
384,61.453,4.732
385,61.453,4.731
386,61.452,4.731
387,61.452,4.73
388,61.451,4.73
389,61.451,4.729
390,61.45,4.728
391,61.45,4.728
392,61.45,4.727
393,61.449,4.726
394,61.449,4.726
395,61.448,4.725
396,61.448,4.725
397,61.447,4.724
398,61.447,4.723
399,61.446,4.723
400,61.446,4.722
401,61.446,4.721
402,61.445,4.721
403,61.445,4.72
404,61.444,4.72
405,61.444,4.719
406,61.444,4.718
407,61.443,4.718
408,61.443,4.717
409,61.443,4.716
410,61.442,4.716
411,61.442,4.715
412,61.442,4.714
413,61.441,4.714
414,61.441,4.713
415,61.44,4.713
416,61.44,4.712
417,61.44,4.711
418,61.439,4.711
419,61.439,4.71
420,61.438,4.71
421,61.438,4.709
422,61.437,4.708
423,61.437,4.708
424,61.436,4.707
425,61.436,4.706
426,61.436,4.706
427,61.435,4.705
428,61.435,4.704
429,61.434,4.704
430,61.434,4.703
431,61.433,4.703
432,61.433,4.702
433,61.433,4.701
434,61.432,4.701
435,61.432,4.7
436,61.431,4.7
437,61.431,4.699
438,61.43,4.698
439,61.43,4.698
440,61.43,4.697
441,61.429,4.696
442,61.429,4.696
443,61.428,4.695
444,61.428,4.694
445,61.427,4.694
446,61.427,4.693
447,61.426,4.693
448,61.426,4.692
449,61.426,4.691
450,61.425,4.691
451,61.425,4.69
452,61.424,4.69
453,61.424,4.689
454,61.423,4.688
455,61.423,4.688
456,61.422,4.687
457,61.422,4.686
458,61.422,4.686
459,61.421,4.685
460,61.421,4.684
461,61.42,4.684
462,61.42,4.683
463,61.419,4.683
464,61.419,4.682
465,61.419,4.681
466,61.418,4.681
467,61.418,4.68
468,61.417,4.68
469,61.417,4.679
470,61.416,4.678
471,61.416,4.678
472,61.415,4.677
473,61.415,4.676
474,61.415,4.676
475,61.414,4.675
476,61.414,4.674
477,61.413,4.674
478,61.413,4.673
479,61.412,4.673
480,61.412,4.672
481,61.412,4.671
482,61.411,4.671
483,61.411,4.67
484,61.41,4.669
485,61.41,4.669
486,61.41,4.668
487,61.409,4.668
488,61.409,4.667
489,61.409,4.666
490,61.408,4.666
491,61.408,4.665
492,61.408,4.664
493,61.407,4.664
494,61.407,4.663
495,61.406,4.663
496,61.406,4.662
497,61.406,4.661
498,61.405,4.661
499,61.405,4.66
500,61.404,4.659
501,61.404,4.659
502,61.403,4.658
503,61.403,4.658
504,61.402,4.657
505,61.402,4.656
506,61.402,4.656
507,61.401,4.655
508,61.401,4.655
509,61.4,4.654
510,61.4,4.653
511,61.399,4.653
512,61.399,4.652
513,61.399,4.652
514,61.398,4.651
515,61.398,4.651
516,61.397,4.65
517,61.397,4.65
518,61.396,4.649
519,61.396,4.649
520,61.396,4.648
521,61.395,4.648
522,61.395,4.648
523,61.394,4.647
524,61.394,4.647
525,61.393,4.646
526,61.393,4.646
527,61.392,4.645
528,61.392,4.645
529,61.392,4.645
530,61.391,4.644
531,61.39,4.644
532,61.39,4.643
533,61.39,4.643
534,61.389,4.642
535,61.388,4.642
536,61.388,4.642
537,61.388,4.641
538,61.387,4.641
539,61.386,4.64
540,61.386,4.64
541,61.386,4.639
542,61.385,4.639
543,61.384,4.638
544,61.384,4.638
545,61.384,4.638
546,61.383,4.637
547,61.383,4.637
548,61.382,4.636
549,61.382,4.636
550,61.381,4.635
551,61.381,4.635
552,61.38,4.634
553,61.38,4.634
554,61.38,4.634
555,61.379,4.633
556,61.379,4.633
557,61.378,4.632
558,61.378,4.632
559,61.377,4.631
560,61.377,4.631
561,61.376,4.631
562,61.376,4.63
563,61.376,4.63
564,61.375,4.629
565,61.375,4.629
566,61.374,4.628
567,61.374,4.628
568,61.373,4.627
569,61.372,4.627
570,61.372,4.627
571,61.372,4.626
572,61.371,4.626
573,61.37,4.625
574,61.37,4.625
575,61.37,4.624
576,61.369,4.624
577,61.369,4.624
578,61.368,4.623
579,61.368,4.622
580,61.367,4.622
581,61.367,4.621
582,61.366,4.621
583,61.366,4.62
584,61.366,4.62
585,61.365,4.619
586,61.365,4.619
587,61.364,4.618
588,61.364,4.618
589,61.363,4.618
590,61.363,4.617
591,61.362,4.616
592,61.362,4.616
593,61.362,4.616
594,61.361,4.615
595,61.36,4.615
596,61.36,4.614
597,61.36,4.614
598,61.359,4.613
599,61.358,4.613
600,61.358,4.612
601,61.358,4.612
602,61.357,4.612
603,61.356,4.611
604,61.356,4.611
605,61.356,4.61
606,61.355,4.61
607,61.354,4.609
608,61.354,4.609
609,61.354,4.609
610,61.353,4.608
611,61.353,4.608
612,61.352,4.607
613,61.352,4.607
614,61.351,4.606
615,61.351,4.606
616,61.35,4.606
617,61.35,4.605
618,61.35,4.605
619,61.349,4.604
620,61.349,4.604
621,61.348,4.603
622,61.348,4.603
623,61.347,4.602
624,61.347,4.602
625,61.347,4.602
626,61.346,4.601
627,61.346,4.601
628,61.345,4.6
629,61.345,4.6
630,61.344,4.599
631,61.344,4.599
632,61.344,4.598
633,61.343,4.598
634,61.343,4.598
635,61.342,4.597
636,61.342,4.597
637,61.341,4.596
638,61.341,4.596
639,61.34,4.595
640,61.34,4.595
641,61.34,4.595
642,61.339,4.594
643,61.338,4.594
644,61.338,4.593
645,61.338,4.593
646,61.337,4.592
647,61.336,4.592
648,61.336,4.592
649,61.336,4.591
650,61.335,4.591
651,61.334,4.59
652,61.334,4.59
653,61.334,4.589
654,61.333,4.589
655,61.332,4.588
656,61.332,4.588
657,61.332,4.588
658,61.331,4.587
659,61.331,4.587
660,61.33,4.586
661,61.33,4.586
662,61.329,4.585
663,61.329,4.585
664,61.329,4.584
665,61.328,4.584
666,61.328,4.584
667,61.327,4.583
668,61.327,4.583
669,61.326,4.582
670,61.326,4.582
671,61.325,4.581
672,61.325,4.581
673,61.324,4.581
674,61.324,4.58
675,61.324,4.58
676,61.323,4.579
677,61.323,4.579
678,61.322,4.578
679,61.322,4.578
680,61.321,4.578
681,61.32,4.577
682,61.32,4.577
683,61.32,4.576
684,61.319,4.576
685,61.318,4.575
686,61.318,4.575
687,61.318,4.574
688,61.317,4.574
689,61.317,4.574
690,61.316,4.573
691,61.316,4.572
692,61.315,4.572
693,61.315,4.571
694,61.314,4.571
695,61.314,4.57
696,61.314,4.57
697,61.313,4.57
698,61.313,4.569
699,61.312,4.568
700,61.312,4.568
701,61.311,4.568
702,61.311,4.567
703,61.31,4.566
704,61.31,4.566
705,61.31,4.566
706,61.309,4.565
707,61.308,4.565
708,61.308,4.564
709,61.308,4.564
710,61.307,4.563
711,61.306,4.563
712,61.306,4.562
713,61.306,4.562
714,61.305,4.562
715,61.304,4.561
716,61.304,4.561
717,61.304,4.56
718,61.303,4.56
719,61.302,4.559
720,61.302,4.559
721,61.302,4.559
722,61.301,4.558
723,61.301,4.558
724,61.3,4.557
725,61.3,4.557
726,61.299,4.556
727,61.299,4.556
728,61.299,4.556
729,61.298,4.555
730,61.298,4.555
731,61.297,4.554
732,61.297,4.554
733,61.296,4.553
734,61.296,4.553
735,61.295,4.552
736,61.295,4.552
737,61.294,4.552
738,61.294,4.551
739,61.294,4.551
740,61.293,4.55
741,61.293,4.55
742,61.292,4.549
743,61.292,4.549
744,61.291,4.548
745,61.29,4.548
746,61.29,4.548
747,61.29,4.547
748,61.289,4.547
749,61.288,4.546
750,61.288,4.546
751,61.288,4.545
752,61.287,4.545
753,61.287,4.545
754,61.286,4.544
755,61.286,4.544
756,61.285,4.543
757,61.285,4.543
758,61.284,4.542
759,61.284,4.542
760,61.284,4.542
761,61.283,4.541
762,61.283,4.541
763,61.282,4.54
764,61.282,4.54
765,61.281,4.539
766,61.281,4.539
767,61.28,4.538
768,61.28,4.538
769,61.279,4.538
770,61.279,4.538
771,61.278,4.538
772,61.278,4.538
773,61.277,4.538
774,61.277,4.538
775,61.276,4.538
776,61.276,4.538
777,61.275,4.537
778,61.274,4.537
779,61.274,4.537
780,61.273,4.537
781,61.273,4.537
782,61.272,4.537
783,61.272,4.537
784,61.271,4.537
785,61.27,4.537
786,61.27,4.537
787,61.27,4.537
788,61.269,4.537
789,61.268,4.537
790,61.268,4.537
791,61.268,4.537
792,61.267,4.537
793,61.266,4.537
794,61.266,4.537
795,61.265,4.537
796,61.265,4.537
797,61.264,4.537
798,61.264,4.537
799,61.264,4.537
800,61.263,4.537
801,61.262,4.537
802,61.262,4.537
803,61.261,4.537
804,61.261,4.537
805,61.26,4.537
806,61.26,4.537
807,61.259,4.537
808,61.258,4.536
809,61.258,4.536
810,61.257,4.536
811,61.257,4.536
812,61.256,4.536
813,61.256,4.536
814,61.255,4.536
815,61.255,4.536
816,61.254,4.536
817,61.253,4.536
818,61.253,4.536
819,61.252,4.536
820,61.252,4.536
821,61.252,4.536
822,61.251,4.536
823,61.25,4.536
824,61.25,4.536
825,61.25,4.535
826,61.249,4.535
827,61.248,4.535
828,61.248,4.535
829,61.248,4.535
830,61.247,4.535
831,61.247,4.535
832,61.246,4.535
833,61.245,4.535
834,61.245,4.535
835,61.244,4.535
836,61.244,4.535
837,61.243,4.535
838,61.243,4.535
839,61.242,4.535
840,61.242,4.535
841,61.241,4.535
842,61.24,4.535
843,61.24,4.535
844,61.239,4.535
845,61.239,4.535
846,61.238,4.535
847,61.238,4.535
848,61.237,4.535
849,61.236,4.535
850,61.236,4.535
851,61.236,4.535
852,61.235,4.535
853,61.235,4.535
854,61.234,4.535
855,61.234,4.535
856,61.233,4.534
857,61.232,4.534
858,61.232,4.534
859,61.232,4.534
860,61.231,4.534
861,61.23,4.534
862,61.23,4.534
863,61.23,4.534
864,61.229,4.534
865,61.228,4.534
866,61.228,4.534
867,61.227,4.534
868,61.227,4.534
869,61.226,4.534
870,61.226,4.534
871,61.225,4.534
872,61.224,4.534
873,61.224,4.533
874,61.223,4.533
875,61.223,4.533
876,61.222,4.533
877,61.222,4.533
878,61.221,4.533
879,61.221,4.533
880,61.22,4.533
881,61.22,4.533
882,61.219,4.533
883,61.218,4.533
884,61.218,4.533
885,61.218,4.533
886,61.217,4.533
887,61.216,4.533
888,61.216,4.533
889,61.216,4.533
890,61.215,4.533
891,61.214,4.533
892,61.214,4.533
893,61.214,4.533
894,61.213,4.533
895,61.213,4.533
896,61.212,4.533
897,61.211,4.533
898,61.211,4.533
899,61.21,4.533
900,61.21,4.533
901,61.209,4.533
902,61.209,4.533
903,61.208,4.533
904,61.208,4.533
905,61.207,4.532
906,61.206,4.532
907,61.206,4.532
908,61.205,4.532
909,61.205,4.532
910,61.204,4.532
911,61.204,4.532
912,61.203,4.532
913,61.202,4.532
914,61.202,4.532
915,61.201,4.532
916,61.201,4.532
917,61.2,4.532
918,61.2,4.532
919,61.199,4.532
920,61.198,4.531
921,61.198,4.531
922,61.197,4.531
923,61.197,4.531
924,61.196,4.531
925,61.196,4.531
926,61.195,4.531
927,61.195,4.531
928,61.194,4.531
929,61.194,4.531
930,61.193,4.531
931,61.192,4.531
932,61.192,4.531
933,61.192,4.531
934,61.191,4.531
935,61.19,4.531
936,61.19,4.53
937,61.19,4.53
938,61.189,4.53
939,61.188,4.53
940,61.188,4.53
941,61.188,4.53
942,61.187,4.53
943,61.186,4.53
944,61.186,4.53
945,61.185,4.53
946,61.185,4.53
947,61.184,4.53
948,61.184,4.53
949,61.183,4.53
950,61.183,4.53
951,61.182,4.53
952,61.182,4.53
953,61.181,4.53
954,61.18,4.53
955,61.18,4.53
956,61.179,4.53
957,61.179,4.53
958,61.178,4.53
959,61.178,4.53
960,61.177,4.53
961,61.176,4.53
962,61.176,4.53
963,61.176,4.53
964,61.175,4.53
965,61.174,4.53
966,61.174,4.53
967,61.174,4.53
968,61.173,4.53
969,61.172,4.529
970,61.172,4.529
971,61.171,4.529
972,61.171,4.529
973,61.17,4.529
974,61.17,4.529
975,61.17,4.529
976,61.169,4.529
977,61.168,4.529
978,61.168,4.529
979,61.167,4.529
980,61.167,4.529
981,61.166,4.529
982,61.166,4.529
983,61.165,4.529
984,61.164,4.528
985,61.164,4.528
986,61.163,4.528
987,61.163,4.528
988,61.162,4.528
989,61.162,4.528
990,61.161,4.528
991,61.161,4.528
992,61.16,4.528
993,61.159,4.528
994,61.159,4.528
995,61.158,4.528
996,61.158,4.528
997,61.158,4.528
998,61.157,4.528
999,61.156,4.528
1000,61.156,4.528
1001,61.156,4.528
1002,61.155,4.528
1003,61.154,4.528
1004,61.154,4.528
1005,61.154,4.528
1006,61.153,4.528
1007,61.152,4.528
1008,61.152,4.528
1009,61.151,4.528
1010,61.151,4.528
1011,61.15,4.528
1012,61.15,4.528
1013,61.149,4.528
1014,61.149,4.528
1015,61.148,4.528
1016,61.148,4.528
1017,61.147,4.527
1018,61.146,4.527
1019,61.146,4.527
1020,61.145,4.527
1021,61.145,4.527
1022,61.144,4.527
1023,61.144,4.527
1024,61.143,4.527
1025,61.142,4.527
1026,61.142,4.527
1027,61.142,4.527
1028,61.141,4.527
1029,61.14,4.527
1030,61.14,4.527
1031,61.14,4.527
1032,61.139,4.526
1033,61.138,4.526
1034,61.138,4.526
1035,61.137,4.526
1036,61.137,4.526
1037,61.136,4.526
1038,61.136,4.526
1039,61.136,4.526
1040,61.135,4.526
1041,61.134,4.526
1042,61.134,4.526
1043,61.133,4.526
1044,61.133,4.526
1045,61.132,4.526
1046,61.132,4.526
1047,61.131,4.526
1048,61.13,4.526
1049,61.13,4.525
1050,61.129,4.525
1051,61.129,4.525
1052,61.128,4.525
1053,61.128,4.525
1054,61.127,4.525
1055,61.127,4.525
1056,61.126,4.525
1057,61.125,4.525
1058,61.125,4.525
1059,61.124,4.525
1060,61.124,4.525
1061,61.124,4.525
1062,61.123,4.525
1063,61.122,4.525
1064,61.122,4.524
1065,61.122,4.524
1066,61.121,4.524
1067,61.12,4.524
1068,61.12,4.524
1069,61.12,4.524
1070,61.119,4.524
1071,61.119,4.524
1072,61.118,4.524
1073,61.118,4.524
1074,61.117,4.524
1075,61.116,4.524
1076,61.116,4.524
1077,61.116,4.524
1078,61.115,4.524
1079,61.114,4.524
1080,61.114,4.524
1081,61.114,4.524
1082,61.113,4.524
1083,61.112,4.524
1084,61.112,4.524
1085,61.112,4.524
1086,61.111,4.524
1087,61.11,4.524
1088,61.11,4.524
1089,61.11,4.524
1090,61.109,4.524
1091,61.108,4.524
1092,61.108,4.524
1093,61.108,4.524
1094,61.107,4.524
1095,61.106,4.524
1096,61.106,4.524
1097,61.106,4.523
1098,61.105,4.523
1099,61.104,4.523
1100,61.104,4.523
1101,61.104,4.523
1102,61.103,4.523
1103,61.102,4.523
1104,61.102,4.523
1105,61.101,4.523
1106,61.101,4.523
1107,61.1,4.523
1108,61.1,4.523
1109,61.1,4.523
1110,61.099,4.523
1111,61.098,4.523
1112,61.098,4.522
1113,61.098,4.522
1114,61.097,4.522
1115,61.096,4.522
1116,61.096,4.522
1117,61.096,4.522
1118,61.095,4.522
1119,61.094,4.522
1120,61.094,4.522
1121,61.093,4.522
1122,61.093,4.522
1123,61.092,4.522
1124,61.092,4.522
1125,61.091,4.522
1126,61.091,4.522
1127,61.09,4.522
1128,61.09,4.522
1129,61.089,4.521
1130,61.088,4.521
1131,61.088,4.521
1132,61.087,4.521
1133,61.087,4.521
1134,61.086,4.521
1135,61.086,4.521
1136,61.085,4.521
1137,61.084,4.521
1138,61.084,4.521
1139,61.084,4.521
1140,61.083,4.521
1141,61.082,4.521
1142,61.082,4.521
1143,61.082,4.521
1144,61.081,4.52
1145,61.08,4.52
1146,61.08,4.52
1147,61.079,4.52
1148,61.079,4.52
1149,61.078,4.52
1150,61.078,4.52
1151,61.078,4.52
1152,61.077,4.52
1153,61.076,4.52
1154,61.076,4.52
1155,61.076,4.52
1156,61.075,4.52
1157,61.074,4.52
1158,61.074,4.52
1159,61.074,4.52
1160,61.073,4.52
1161,61.072,4.519
1162,61.072,4.519
1163,61.072,4.519
1164,61.071,4.519
1165,61.07,4.519
1166,61.07,4.519
1167,61.07,4.519
1168,61.069,4.519
1169,61.068,4.519
1170,61.068,4.519
1171,61.068,4.519
1172,61.067,4.519
1173,61.067,4.519
1174,61.066,4.519
1175,61.066,4.519
1176,61.065,4.518
1177,61.064,4.518
1178,61.064,4.518
1179,61.064,4.518
1180,61.063,4.518
1181,61.062,4.518
1182,61.062,4.518
1183,61.062,4.518
1184,61.061,4.518
1185,61.06,4.518
1186,61.06,4.518
1187,61.059,4.518
1188,61.059,4.518
1189,61.058,4.518
1190,61.058,4.518
1191,61.057,4.518
1192,61.056,4.518
1193,61.056,4.517
1194,61.055,4.517
1195,61.055,4.517
1196,61.054,4.517
1197,61.054,4.517
1198,61.053,4.517
1199,61.053,4.517
1200,61.052,4.517
1201,61.052,4.517
1202,61.051,4.517
1203,61.05,4.517
1204,61.05,4.517
1205,61.05,4.517
1206,61.049,4.517
1207,61.048,4.517
1208,61.048,4.517
1209,61.048,4.516
1210,61.047,4.516
1211,61.046,4.516
1212,61.046,4.516
1213,61.046,4.516
1214,61.045,4.516
1215,61.044,4.516
1216,61.044,4.516
1217,61.043,4.516
1218,61.043,4.516
1219,61.042,4.516
1220,61.042,4.516
1221,61.042,4.516
1222,61.041,4.516
1223,61.04,4.516
1224,61.04,4.516
1225,61.04,4.516
1226,61.039,4.516
1227,61.038,4.516
1228,61.038,4.516
1229,61.038,4.516
1230,61.037,4.516
1231,61.037,4.516
1232,61.036,4.516
1233,61.036,4.516
1234,61.035,4.516
1235,61.034,4.516
1236,61.034,4.516
1237,61.034,4.516
1238,61.033,4.516
1239,61.032,4.516
1240,61.032,4.515
1241,61.032,4.515
1242,61.031,4.515
1243,61.03,4.515
1244,61.03,4.515
1245,61.03,4.515
1246,61.029,4.515
1247,61.028,4.515
1248,61.028,4.515
1249,61.027,4.515
1250,61.027,4.515
1251,61.026,4.515
1252,61.026,4.515
1253,61.025,4.515
1254,61.025,4.515
1255,61.024,4.515
1256,61.024,4.514
1257,61.023,4.514
1258,61.022,4.514
1259,61.022,4.514
1260,61.021,4.514
1261,61.021,4.514
1262,61.02,4.514
1263,61.02,4.514
1264,61.019,4.514
1265,61.018,4.514
1266,61.018,4.514
1267,61.018,4.514
1268,61.017,4.514
1269,61.016,4.514
1270,61.016,4.514
1271,61.016,4.514
1272,61.015,4.514
1273,61.014,4.513
1274,61.014,4.513
1275,61.014,4.513
1276,61.013,4.513
1277,61.012,4.513
1278,61.012,4.513
1279,61.012,4.513
1280,61.011,4.513
1281,61.01,4.513
1282,61.01,4.513
1283,61.01,4.513
1284,61.009,4.514
1285,61.009,4.514
1286,61.008,4.514
1287,61.008,4.514
1288,61.007,4.514
1289,61.006,4.514
1290,61.006,4.514
1291,61.006,4.514
1292,61.005,4.514
1293,61.004,4.515
1294,61.004,4.515
1295,61.004,4.515
1296,61.003,4.515
1297,61.002,4.515
1298,61.002,4.515
1299,61.001,4.515
1300,61.001,4.515
1301,61.0,4.516
1302,61.0,4.516
1303,60.999,4.516
1304,60.998,4.516
1305,60.998,4.516
1306,60.997,4.516
1307,60.997,4.516
1308,60.996,4.517
1309,60.996,4.517
1310,60.995,4.517
1311,60.995,4.517
1312,60.994,4.517
1313,60.994,4.517
1314,60.993,4.517
1315,60.992,4.517
1316,60.992,4.518
1317,60.992,4.518
1318,60.991,4.518
1319,60.99,4.518
1320,60.99,4.518
1321,60.99,4.518
1322,60.989,4.518
1323,60.988,4.518
1324,60.988,4.518
1325,60.988,4.519
1326,60.987,4.519
1327,60.986,4.519
1328,60.986,4.519
1329,60.985,4.519
1330,60.985,4.519
1331,60.984,4.519
1332,60.984,4.52
1333,60.983,4.52
1334,60.983,4.52
1335,60.982,4.52
1336,60.982,4.52
1337,60.981,4.52
1338,60.98,4.52
1339,60.98,4.52
1340,60.979,4.52
1341,60.979,4.521
1342,60.978,4.521
1343,60.978,4.521
1344,60.977,4.521
1345,60.976,4.521
1346,60.976,4.521
1347,60.975,4.521
1348,60.975,4.522
1349,60.974,4.522
1350,60.974,4.522
1351,60.973,4.522
1352,60.972,4.522
1353,60.972,4.522
1354,60.971,4.522
1355,60.971,4.522
1356,60.97,4.522
1357,60.97,4.523
1358,60.969,4.523
1359,60.969,4.523
1360,60.968,4.523
1361,60.968,4.523
1362,60.967,4.523
1363,60.966,4.523
1364,60.966,4.524
1365,60.966,4.524
1366,60.965,4.524
1367,60.964,4.524
1368,60.964,4.524
1369,60.964,4.524
1370,60.963,4.524
1371,60.962,4.524
1372,60.962,4.524
1373,60.962,4.525
1374,60.961,4.525
1375,60.96,4.525
1376,60.96,4.525
1377,60.96,4.525
1378,60.959,4.525
1379,60.958,4.525
1380,60.958,4.526
1381,60.958,4.526
1382,60.957,4.526
1383,60.956,4.526
1384,60.956,4.526
1385,60.956,4.526
1386,60.955,4.526
1387,60.954,4.526
1388,60.954,4.526
1389,60.954,4.527
1390,60.953,4.527
1391,60.952,4.527
1392,60.952,4.527
1393,60.951,4.527
1394,60.951,4.527
1395,60.95,4.528
1396,60.95,4.528
1397,60.949,4.528
1398,60.949,4.528
1399,60.948,4.528
1400,60.948,4.528
1401,60.947,4.529
1402,60.946,4.529
1403,60.946,4.529
1404,60.945,4.529
1405,60.945,4.529
1406,60.944,4.53
1407,60.944,4.53
1408,60.943,4.53
1409,60.942,4.53
1410,60.942,4.53
1411,60.941,4.53
1412,60.941,4.53
1413,60.94,4.531
1414,60.94,4.531
1415,60.939,4.531
1416,60.938,4.531
1417,60.938,4.531
1418,60.937,4.531
1419,60.937,4.531
1420,60.936,4.532
1421,60.936,4.532
1422,60.935,4.532
1423,60.935,4.532
1424,60.934,4.532
1425,60.933,4.532
1426,60.933,4.532
1427,60.932,4.532
1428,60.932,4.532
1429,60.932,4.533
1430,60.931,4.533
1431,60.93,4.533
1432,60.93,4.533
1433,60.93,4.533
1434,60.929,4.533
1435,60.928,4.533
1436,60.928,4.534
1437,60.928,4.534
1438,60.927,4.534
1439,60.927,4.534
1440,60.926,4.534
1441,60.926,4.534
1442,60.925,4.534
1443,60.924,4.534
1444,60.924,4.534
1445,60.924,4.535
1446,60.923,4.535
1447,60.922,4.535
1448,60.922,4.535
1449,60.922,4.535
1450,60.921,4.535
1451,60.92,4.535
1452,60.92,4.536
1453,60.92,4.536
1454,60.919,4.536
1455,60.918,4.536
1456,60.918,4.536
1457,60.917,4.536
1458,60.917,4.536
1459,60.916,4.536
1460,60.916,4.536
1461,60.915,4.537
1462,60.915,4.537
1463,60.914,4.537
1464,60.914,4.537
1465,60.913,4.537
1466,60.912,4.537
1467,60.912,4.537
1468,60.911,4.538
1469,60.911,4.538
1470,60.91,4.538
1471,60.91,4.538
1472,60.909,4.538
1473,60.908,4.538
1474,60.908,4.538
1475,60.907,4.538
1476,60.907,4.538
1477,60.906,4.539
1478,60.906,4.539
1479,60.905,4.539
1480,60.904,4.539
1481,60.904,4.539
1482,60.903,4.539
1483,60.903,4.539
1484,60.902,4.54
1485,60.902,4.54
1486,60.901,4.54
1487,60.901,4.54
1488,60.9,4.54
1489,60.899,4.54
1490,60.899,4.54
1491,60.898,4.54
1492,60.898,4.54
1493,60.898,4.541
1494,60.897,4.541
1495,60.896,4.541
1496,60.896,4.541
1497,60.896,4.541
1498,60.895,4.541
1499,60.894,4.541
1500,60.894,4.542
1501,60.894,4.542
1502,60.893,4.542
1503,60.893,4.542
1504,60.892,4.542
1505,60.892,4.542
1506,60.891,4.542
1507,60.89,4.542
1508,60.89,4.542
1509,60.89,4.543
1510,60.889,4.543
1511,60.888,4.543
1512,60.888,4.543
1513,60.888,4.543
1514,60.887,4.543
1515,60.886,4.543
1516,60.886,4.544
1517,60.886,4.544
1518,60.885,4.544
1519,60.884,4.544
1520,60.884,4.544
1521,60.883,4.544
1522,60.883,4.544
1523,60.882,4.544
1524,60.882,4.544
1525,60.881,4.545
1526,60.881,4.545
1527,60.88,4.545
1528,60.88,4.545
1529,60.879,4.545
1530,60.878,4.545
1531,60.878,4.545
1532,60.877,4.546
1533,60.877,4.546
1534,60.876,4.546
1535,60.876,4.546
1536,60.875,4.546
1537,60.874,4.546
1538,60.874,4.546
1539,60.874,4.547
1540,60.873,4.547
1541,60.872,4.547
1542,60.872,4.548
1543,60.872,4.548
1544,60.871,4.548
1545,60.87,4.548
1546,60.87,4.548
1547,60.869,4.549
1548,60.869,4.549
1549,60.868,4.549
1550,60.868,4.55
1551,60.868,4.55
1552,60.867,4.55
1553,60.866,4.55
1554,60.866,4.55
1555,60.866,4.551
1556,60.865,4.551
1557,60.864,4.551
1558,60.864,4.551
1559,60.864,4.551
1560,60.863,4.552
1561,60.862,4.552
1562,60.862,4.552
1563,60.862,4.552
1564,60.861,4.552
1565,60.86,4.552
1566,60.86,4.553
1567,60.86,4.553
1568,60.859,4.553
1569,60.858,4.553
1570,60.858,4.554
1571,60.858,4.554
1572,60.857,4.554
1573,60.857,4.554
1574,60.856,4.554
1575,60.856,4.555
1576,60.855,4.555
1577,60.854,4.555
1578,60.854,4.556
1579,60.854,4.556
1580,60.853,4.556
1581,60.852,4.556
1582,60.852,4.557
1583,60.852,4.557
1584,60.851,4.557
1585,60.85,4.557
1586,60.85,4.558
1587,60.85,4.558
1588,60.849,4.558
1589,60.848,4.558
1590,60.848,4.558
1591,60.848,4.559
1592,60.847,4.559
1593,60.846,4.559
1594,60.846,4.56
1595,60.846,4.56
1596,60.845,4.56
1597,60.844,4.56
1598,60.844,4.56
1599,60.844,4.561
1600,60.843,4.561
1601,60.842,4.561
1602,60.842,4.561
1603,60.842,4.562
1604,60.841,4.562
1605,60.841,4.562
1606,60.84,4.562
1607,60.84,4.562
1608,60.839,4.562
1609,60.838,4.563
1610,60.838,4.563
1611,60.838,4.563
1612,60.837,4.563
1613,60.836,4.563
1614,60.836,4.564
1615,60.836,4.564
1616,60.835,4.564
1617,60.834,4.564
1618,60.834,4.564
1619,60.834,4.565
1620,60.833,4.565
1621,60.832,4.565
1622,60.832,4.566
1623,60.832,4.566
1624,60.831,4.566
1625,60.83,4.566
1626,60.83,4.566
1627,60.829,4.567
1628,60.829,4.567
1629,60.828,4.567
1630,60.828,4.568
1631,60.828,4.568
1632,60.827,4.568
1633,60.826,4.568
1634,60.826,4.568
1635,60.826,4.569
1636,60.825,4.569
1637,60.824,4.569
1638,60.824,4.57
1639,60.824,4.57
1640,60.823,4.57
1641,60.822,4.57
1642,60.822,4.57
1643,60.822,4.571
1644,60.821,4.571
1645,60.82,4.571
1646,60.82,4.572
1647,60.82,4.572
1648,60.819,4.572
1649,60.818,4.572
1650,60.818,4.572
1651,60.818,4.573
1652,60.817,4.573
1653,60.817,4.573
1654,60.816,4.574
1655,60.816,4.574
1656,60.815,4.574
1657,60.814,4.574
1658,60.814,4.574
1659,60.814,4.575
1660,60.813,4.575
1661,60.812,4.575
1662,60.812,4.576
1663,60.812,4.576
1664,60.811,4.576
1665,60.811,4.576
1666,60.81,4.576
1667,60.81,4.577
1668,60.809,4.577
1669,60.809,4.577
1670,60.808,4.577
1671,60.808,4.577
1672,60.808,4.578
1673,60.807,4.578
1674,60.807,4.578
1675,60.806,4.578
1676,60.806,4.578
1677,60.805,4.578
1678,60.805,4.579
1679,60.804,4.579
1680,60.804,4.579
1681,60.804,4.579
1682,60.803,4.579
1683,60.802,4.58
1684,60.802,4.58
1685,60.802,4.58
1686,60.801,4.58
1687,60.8,4.581
1688,60.8,4.581
1689,60.8,4.581
1690,60.799,4.582
1691,60.798,4.582
1692,60.798,4.582
1693,60.798,4.582
1694,60.797,4.583
1695,60.796,4.583
1696,60.796,4.583
1697,60.796,4.583
1698,60.795,4.584
1699,60.794,4.584
1700,60.794,4.584
1701,60.794,4.584
1702,60.793,4.584
1703,60.792,4.585
1704,60.792,4.585
1705,60.792,4.585
1706,60.791,4.586
1707,60.79,4.586
1708,60.79,4.586
1709,60.79,4.586
1710,60.789,4.586
1711,60.788,4.587
1712,60.788,4.587
1713,60.787,4.587
1714,60.787,4.587
1715,60.786,4.588
1716,60.786,4.588
1717,60.786,4.588
1718,60.785,4.588
1719,60.784,4.588
1720,60.784,4.588
1721,60.784,4.589
1722,60.783,4.589
1723,60.782,4.589
1724,60.782,4.589
1725,60.782,4.589
1726,60.781,4.59
1727,60.78,4.59
1728,60.78,4.59
1729,60.78,4.59
1730,60.779,4.59
1731,60.778,4.591
1732,60.778,4.591
1733,60.778,4.591
1734,60.777,4.592
1735,60.776,4.592
1736,60.776,4.592
1737,60.776,4.592
1738,60.775,4.592
1739,60.774,4.593
1740,60.774,4.593
1741,60.774,4.593
1742,60.773,4.594
1743,60.772,4.594
1744,60.772,4.594
1745,60.771,4.594
1746,60.771,4.594
1747,60.77,4.595
1748,60.77,4.595
1749,60.77,4.595
1750,60.769,4.596
1751,60.768,4.596
1752,60.768,4.596
1753,60.768,4.596
1754,60.767,4.596
1755,60.766,4.597
1756,60.766,4.597
1757,60.766,4.597
1758,60.765,4.598
1759,60.765,4.598
1760,60.764,4.598
1761,60.764,4.598
1762,60.763,4.598
1763,60.762,4.599
1764,60.762,4.599
1765,60.762,4.599
1766,60.761,4.599
1767,60.76,4.599
1768,60.76,4.6
1769,60.76,4.6
1770,60.759,4.6
1771,60.758,4.6
1772,60.758,4.6
1773,60.758,4.6
1774,60.757,4.601
1775,60.756,4.601
1776,60.756,4.601
1777,60.756,4.601
1778,60.755,4.602
1779,60.754,4.602
1780,60.754,4.602
1781,60.754,4.602
1782,60.753,4.602
1783,60.752,4.603
1784,60.752,4.603
1785,60.752,4.603
1786,60.751,4.604
1787,60.75,4.604
1788,60.75,4.604
1789,60.75,4.604
1790,60.749,4.605
1791,60.748,4.605
1792,60.748,4.605
1793,60.747,4.605
1794,60.747,4.606
1795,60.746,4.606
1796,60.746,4.606
1797,60.745,4.606
1798,60.745,4.607
1799,60.744,4.607
1800,60.744,4.607
1801,60.743,4.607
1802,60.742,4.608
1803,60.742,4.608
1804,60.741,4.608
1805,60.741,4.608
1806,60.74,4.608
1807,60.74,4.609
1808,60.739,4.609
1809,60.738,4.609
1810,60.738,4.61
1811,60.738,4.61
1812,60.737,4.61
1813,60.736,4.61
1814,60.736,4.61
1815,60.736,4.611
1816,60.735,4.611
1817,60.734,4.611
1818,60.734,4.612
1819,60.734,4.612
1820,60.733,4.612
1821,60.732,4.612
1822,60.732,4.613
1823,60.732,4.613
1824,60.731,4.613
1825,60.73,4.613
1826,60.73,4.614
1827,60.729,4.614
1828,60.729,4.614
1829,60.728,4.614
1830,60.728,4.615
1831,60.727,4.615
1832,60.726,4.615
1833,60.726,4.615
1834,60.725,4.616
1835,60.725,4.616
1836,60.724,4.616
1837,60.724,4.616
1838,60.723,4.616
1839,60.723,4.617
1840,60.722,4.617
1841,60.721,4.617
1842,60.721,4.617
1843,60.72,4.618
1844,60.72,4.618
1845,60.719,4.618
1846,60.719,4.618
1847,60.718,4.618
1848,60.718,4.618
1849,60.717,4.619
1850,60.716,4.619
1851,60.716,4.619
1852,60.715,4.619
1853,60.715,4.619
1854,60.714,4.62
1855,60.714,4.62
1856,60.713,4.62
1857,60.712,4.62
1858,60.712,4.62
1859,60.712,4.621
1860,60.711,4.621
1861,60.71,4.621
1862,60.71,4.622
1863,60.71,4.622
1864,60.709,4.622
1865,60.708,4.622
1866,60.708,4.622
1867,60.707,4.623
1868,60.707,4.623
1869,60.706,4.623
1870,60.706,4.624
1871,60.706,4.624
1872,60.705,4.624
1873,60.704,4.624
1874,60.704,4.624
1875,60.703,4.625
1876,60.703,4.625
1877,60.702,4.625
1878,60.702,4.626
1879,60.701,4.626
1880,60.7,4.626
1881,60.7,4.626
1882,60.699,4.626
1883,60.699,4.627
1884,60.698,4.627
1885,60.698,4.627
1886,60.697,4.628
1887,60.697,4.628
1888,60.696,4.628
1889,60.695,4.628
1890,60.695,4.628
1891,60.694,4.629
1892,60.694,4.629
1893,60.694,4.629
1894,60.693,4.63
1895,60.692,4.63
1896,60.692,4.63
1897,60.692,4.63
1898,60.691,4.63
1899,60.69,4.631
1900,60.69,4.631
1901,60.69,4.631
1902,60.689,4.632
1903,60.689,4.632
1904,60.688,4.632
1905,60.687,4.632
1906,60.687,4.632
1907,60.686,4.633
1908,60.686,4.633
1909,60.685,4.633
1910,60.685,4.634
1911,60.684,4.634
1912,60.684,4.634
1913,60.683,4.634
1914,60.682,4.634
1915,60.682,4.635
1916,60.681,4.635
1917,60.681,4.635
1918,60.68,4.636
1919,60.68,4.636
1920,60.679,4.636
1921,60.678,4.636
1922,60.678,4.636
1923,60.677,4.637
1924,60.677,4.637
1925,60.676,4.637
1926,60.676,4.638
1927,60.675,4.638
1928,60.674,4.638
1929,60.674,4.638
1930,60.673,4.638
1931,60.673,4.639
1932,60.672,4.639
1933,60.672,4.639
1934,60.671,4.64
1935,60.671,4.64
1936,60.67,4.64
1937,60.67,4.64
1938,60.669,4.64
1939,60.668,4.641
1940,60.668,4.641
1941,60.668,4.641
1942,60.667,4.642
1943,60.666,4.642
1944,60.666,4.642
1945,60.666,4.642
1946,60.665,4.642
1947,60.664,4.643
1948,60.664,4.643
1949,60.664,4.643
1950,60.663,4.644
1951,60.662,4.644
1952,60.662,4.644
1953,60.661,4.644
1954,60.661,4.644
1955,60.66,4.645
1956,60.66,4.645
1957,60.659,4.645
1958,60.659,4.646
1959,60.658,4.646
1960,60.658,4.646
1961,60.657,4.646
1962,60.656,4.646
1963,60.656,4.647
1964,60.655,4.647
1965,60.655,4.647
1966,60.654,4.648
1967,60.654,4.648
1968,60.653,4.648
1969,60.652,4.648
1970,60.652,4.648
1971,60.651,4.649
1972,60.651,4.649
1973,60.65,4.649
1974,60.65,4.65
1975,60.649,4.65
1976,60.648,4.65
1977,60.648,4.65
1978,60.647,4.65
1979,60.647,4.651
1980,60.646,4.651
1981,60.646,4.651
1982,60.645,4.652
1983,60.645,4.652
1984,60.644,4.652
1985,60.643,4.652
1986,60.643,4.652
1987,60.642,4.653
1988,60.642,4.653
1989,60.642,4.653
1990,60.641,4.653
1991,60.64,4.653
1992,60.64,4.654
1993,60.64,4.654
1994,60.639,4.654
1995,60.638,4.654
1996,60.638,4.654
1997,60.638,4.654
1998,60.637,4.655
1999,60.637,4.655
2000,60.636,4.655
2001,60.635,4.655
2002,60.635,4.656
2003,60.634,4.656
2004,60.634,4.656
2005,60.633,4.656
2006,60.633,4.656
2007,60.632,4.657
2008,60.632,4.657
2009,60.631,4.657
2010,60.63,4.658
2011,60.63,4.658
2012,60.629,4.658
2013,60.629,4.658
2014,60.628,4.658
2015,60.628,4.659
2016,60.627,4.659
2017,60.626,4.659
2018,60.626,4.659
2019,60.626,4.66
2020,60.625,4.66
2021,60.625,4.66
2022,60.624,4.66
2023,60.624,4.661
2024,60.623,4.661
2025,60.622,4.661
2026,60.622,4.662
2027,60.622,4.662
2028,60.621,4.662
2029,60.62,4.662
2030,60.62,4.663
2031,60.62,4.663
2032,60.619,4.663
2033,60.618,4.663
2034,60.618,4.664
2035,60.617,4.664
2036,60.617,4.664
2037,60.616,4.664
2038,60.616,4.664
2039,60.615,4.665
2040,60.614,4.665
2041,60.614,4.665
2042,60.613,4.666
2043,60.613,4.666
2044,60.612,4.666
2045,60.612,4.666
2046,60.611,4.666
2047,60.611,4.667
2048,60.61,4.667
2049,60.61,4.667
2050,60.609,4.667
2051,60.608,4.668
2052,60.608,4.668
2053,60.608,4.668
2054,60.607,4.668
2055,60.606,4.668
2056,60.606,4.668
2057,60.606,4.669
2058,60.605,4.669
2059,60.604,4.669
2060,60.604,4.669
2061,60.604,4.669
2062,60.603,4.67
2063,60.602,4.67
2064,60.602,4.67
2065,60.601,4.67
2066,60.601,4.67
2067,60.6,4.671
2068,60.6,4.671
2069,60.6,4.671
2070,60.599,4.671
2071,60.598,4.671
2072,60.598,4.672
2073,60.598,4.672
2074,60.597,4.672
2075,60.596,4.672
2076,60.596,4.672
2077,60.596,4.672
2078,60.595,4.673
2079,60.594,4.673
2080,60.594,4.673
2081,60.594,4.673
2082,60.593,4.673
2083,60.592,4.674
2084,60.592,4.674
2085,60.592,4.674
2086,60.591,4.674
2087,60.59,4.674
2088,60.59,4.674
2089,60.59,4.675
2090,60.589,4.675
2091,60.588,4.675
2092,60.588,4.675
2093,60.588,4.675
2094,60.587,4.676
2095,60.586,4.676
2096,60.586,4.676
2097,60.585,4.676
2098,60.585,4.676
2099,60.584,4.676
2100,60.584,4.676
2101,60.584,4.677
2102,60.583,4.677
2103,60.582,4.677
2104,60.582,4.677
2105,60.582,4.677
2106,60.581,4.677
2107,60.58,4.677
2108,60.58,4.678
2109,60.58,4.678
2110,60.579,4.678
2111,60.579,4.678
2112,60.578,4.678
2113,60.578,4.678
2114,60.577,4.678
2115,60.576,4.679
2116,60.576,4.679
2117,60.576,4.679
2118,60.575,4.679
2119,60.574,4.679
2120,60.574,4.68
2121,60.574,4.68
2122,60.573,4.68
2123,60.572,4.68
2124,60.572,4.68
2125,60.572,4.68
2126,60.571,4.681
2127,60.57,4.681
2128,60.57,4.681
2129,60.57,4.681
2130,60.569,4.681
2131,60.568,4.682
2132,60.568,4.682
2133,60.568,4.682
2134,60.567,4.682
2135,60.566,4.682
2136,60.566,4.682
2137,60.566,4.683
2138,60.565,4.683
2139,60.564,4.683
2140,60.564,4.683
2141,60.564,4.683
2142,60.563,4.684
2143,60.562,4.684
2144,60.562,4.684
2145,60.561,4.684
2146,60.561,4.684
2147,60.56,4.685
2148,60.56,4.685
2149,60.56,4.685
2150,60.559,4.685
2151,60.558,4.685
2152,60.558,4.686
2153,60.558,4.686
2154,60.557,4.686
2155,60.556,4.686
2156,60.556,4.686
2157,60.556,4.686
2158,60.555,4.687
2159,60.555,4.687
2160,60.554,4.687
2161,60.554,4.687
2162,60.553,4.687
2163,60.552,4.688
2164,60.552,4.688
2165,60.552,4.688
2166,60.551,4.688
2167,60.55,4.688
2168,60.55,4.688
2169,60.55,4.689
2170,60.549,4.689
2171,60.548,4.689
2172,60.548,4.689
2173,60.548,4.689
2174,60.547,4.69
2175,60.546,4.69
2176,60.546,4.69
2177,60.546,4.69
2178,60.545,4.69
2179,60.544,4.691
2180,60.544,4.691
2181,60.544,4.691
2182,60.543,4.691
2183,60.542,4.691
2184,60.542,4.692
2185,60.542,4.692
2186,60.541,4.692
2187,60.54,4.692
2188,60.54,4.692
2189,60.54,4.692
2190,60.539,4.693
2191,60.538,4.693
2192,60.538,4.693
2193,60.537,4.693
2194,60.537,4.693
2195,60.536,4.694
2196,60.536,4.694
2197,60.536,4.694
2198,60.535,4.694
2199,60.534,4.694
2200,60.534,4.694
2201,60.534,4.695
2202,60.533,4.695
2203,60.532,4.695
2204,60.532,4.695
2205,60.532,4.695
2206,60.531,4.696
2207,60.53,4.696
2208,60.53,4.696
2209,60.53,4.696
2210,60.529,4.696
2211,60.528,4.697
2212,60.528,4.697
2213,60.528,4.697
2214,60.527,4.697
2215,60.526,4.697
2216,60.526,4.698
2217,60.526,4.698
2218,60.525,4.698
2219,60.524,4.698
2220,60.524,4.698
2221,60.524,4.698
2222,60.523,4.699
2223,60.522,4.699
2224,60.522,4.699
2225,60.521,4.699
2226,60.521,4.699
2227,60.52,4.7
2228,60.52,4.7
2229,60.52,4.7
2230,60.519,4.7
2231,60.518,4.7
2232,60.518,4.7
2233,60.518,4.701
2234,60.517,4.701
2235,60.516,4.701
2236,60.516,4.701
2237,60.516,4.701
2238,60.515,4.702
2239,60.515,4.702
2240,60.514,4.702
2241,60.514,4.702
2242,60.513,4.702
2243,60.512,4.702
2244,60.512,4.702
2245,60.512,4.703
2246,60.511,4.703
2247,60.51,4.703
2248,60.51,4.703
2249,60.51,4.703
2250,60.509,4.703
2251,60.508,4.703
2252,60.508,4.704
2253,60.508,4.704
2254,60.507,4.704
2255,60.506,4.704
2256,60.506,4.704
2257,60.506,4.704
2258,60.505,4.704
2259,60.504,4.705
2260,60.504,4.705
2261,60.504,4.705
2262,60.503,4.705
2263,60.502,4.705
2264,60.502,4.706
2265,60.502,4.706
2266,60.501,4.706
2267,60.5,4.706
2268,60.5,4.706
2269,60.5,4.706
2270,60.499,4.707
2271,60.498,4.707
2272,60.498,4.707
2273,60.497,4.707
2274,60.497,4.707
2275,60.496,4.708
2276,60.496,4.708
2277,60.496,4.708
2278,60.495,4.708
2279,60.494,4.708
2280,60.494,4.708
2281,60.494,4.709
2282,60.493,4.709
2283,60.492,4.709
2284,60.492,4.709
2285,60.492,4.709
2286,60.491,4.71
2287,60.491,4.71
2288,60.49,4.71
2289,60.49,4.71
2290,60.489,4.71
2291,60.488,4.711
2292,60.488,4.711
2293,60.488,4.711
2294,60.487,4.711
2295,60.486,4.711
2296,60.486,4.712
2297,60.486,4.712
2298,60.485,4.712
2299,60.484,4.712
2300,60.484,4.712
2301,60.484,4.712
2302,60.483,4.713
2303,60.482,4.713
2304,60.482,4.713
2305,60.482,4.713
2306,60.481,4.714
2307,60.48,4.714
2308,60.48,4.714
2309,60.48,4.715
2310,60.479,4.715
2311,60.478,4.715
2312,60.478,4.716
2313,60.478,4.716
2314,60.477,4.716
2315,60.476,4.716
2316,60.476,4.717
2317,60.476,4.717
2318,60.475,4.717
2319,60.474,4.718
2320,60.474,4.718
2321,60.473,4.718
2322,60.473,4.718
2323,60.472,4.719
2324,60.472,4.719
2325,60.472,4.719
2326,60.471,4.72
2327,60.47,4.72
2328,60.47,4.72
2329,60.47,4.72
2330,60.469,4.72
2331,60.468,4.721
2332,60.468,4.721
2333,60.468,4.721
2334,60.467,4.722
2335,60.466,4.722
2336,60.466,4.722
2337,60.466,4.722
2338,60.465,4.723
2339,60.464,4.723
2340,60.464,4.723
2341,60.464,4.724
2342,60.463,4.724
2343,60.462,4.724
2344,60.462,4.725
2345,60.462,4.725
2346,60.461,4.725
2347,60.46,4.725
2348,60.46,4.726
2349,60.46,4.726
2350,60.459,4.726
2351,60.458,4.727
2352,60.458,4.727
2353,60.457,4.727
2354,60.457,4.728
2355,60.456,4.728
2356,60.456,4.728
2357,60.456,4.729
2358,60.455,4.729
2359,60.454,4.729
2360,60.454,4.73
2361,60.454,4.73
2362,60.453,4.73
2363,60.452,4.73
2364,60.452,4.731
2365,60.452,4.731
2366,60.451,4.731
2367,60.451,4.732
2368,60.45,4.732
2369,60.449,4.732
2370,60.449,4.732
2371,60.448,4.733
2372,60.448,4.733
2373,60.447,4.733
2374,60.447,4.734
2375,60.446,4.734
2376,60.446,4.734
2377,60.445,4.734
2378,60.444,4.734
2379,60.444,4.735
2380,60.443,4.735
2381,60.443,4.735
2382,60.442,4.736
2383,60.442,4.736
2384,60.441,4.736
2385,60.44,4.736
2386,60.44,4.737
2387,60.44,4.737
2388,60.439,4.737
2389,60.439,4.738
2390,60.438,4.738
2391,60.438,4.738
2392,60.437,4.738
2393,60.436,4.739
2394,60.436,4.739
2395,60.436,4.739
2396,60.435,4.74
2397,60.434,4.74
2398,60.434,4.74
2399,60.434,4.741
2400,60.433,4.741
2401,60.432,4.741
2402,60.432,4.741
2403,60.432,4.742
2404,60.431,4.742
2405,60.43,4.742
2406,60.43,4.742
2407,60.43,4.743
2408,60.429,4.743
2409,60.428,4.743
2410,60.428,4.744
2411,60.427,4.744
2412,60.427,4.744
2413,60.426,4.744
2414,60.426,4.744
2415,60.426,4.745
2416,60.425,4.745
2417,60.424,4.745
2418,60.424,4.746
2419,60.424,4.746
2420,60.423,4.746
2421,60.422,4.747
2422,60.422,4.747
2423,60.422,4.747
2424,60.421,4.748
2425,60.42,4.748
2426,60.42,4.748
2427,60.42,4.748
2428,60.419,4.749
2429,60.418,4.749
2430,60.418,4.749
2431,60.418,4.75
2432,60.417,4.75
2433,60.416,4.75
2434,60.416,4.751
2435,60.416,4.751
2436,60.415,4.751
2437,60.415,4.752
2438,60.414,4.752
2439,60.414,4.752
2440,60.413,4.752
2441,60.412,4.753
2442,60.412,4.753
2443,60.412,4.753
2444,60.411,4.754
2445,60.41,4.754
2446,60.41,4.754
2447,60.41,4.755
2448,60.409,4.755
2449,60.408,4.755
2450,60.408,4.756
2451,60.408,4.756
2452,60.407,4.756
2453,60.406,4.756
2454,60.406,4.756
2455,60.406,4.757
2456,60.405,4.757
2457,60.404,4.757
2458,60.404,4.758
2459,60.404,4.758
2460,60.403,4.758
2461,60.402,4.758
2462,60.402,4.759
2463,60.402,4.759
2464,60.401,4.759
2465,60.4,4.759
2466,60.4,4.76
2467,60.4,4.76
2468,60.399,4.76
2469,60.399,4.761
2470,60.398,4.761
2471,60.398,4.761
2472,60.397,4.762
2473,60.396,4.762
2474,60.396,4.762
2475,60.396,4.762
2476,60.395,4.763
2477,60.394,4.763
2478,60.394,4.763
2479,60.394,4.764
2480,60.393,4.764
2481,60.392,4.764
2482,60.392,4.764
2483,60.391,4.765
2484,60.391,4.765
2485,60.39,4.765
2486,60.39,4.766
2487,60.389,4.766
2488,60.388,4.766
2489,60.388,4.766
2490,60.387,4.766
2491,60.387,4.767
2492,60.386,4.767
2493,60.386,4.767
2494,60.385,4.768
2495,60.385,4.768
2496,60.384,4.768
2497,60.384,4.768
2498,60.383,4.769
2499,60.382,4.769
2500,60.382,4.769
2501,60.382,4.77
2502,60.381,4.77
2503,60.38,4.77
2504,60.38,4.77
2505,60.38,4.771
2506,60.379,4.771
2507,60.378,4.771
2508,60.378,4.772
2509,60.378,4.772
2510,60.377,4.772
2511,60.376,4.773
2512,60.376,4.773
2513,60.375,4.773
2514,60.375,4.774
2515,60.374,4.774
2516,60.374,4.774
2517,60.374,4.775
2518,60.373,4.775
2519,60.372,4.775
2520,60.372,4.775
2521,60.372,4.776
2522,60.371,4.776
2523,60.37,4.776
2524,60.37,4.777
2525,60.37,4.777
2526,60.369,4.777
2527,60.369,4.778
2528,60.368,4.778
2529,60.368,4.778
2530,60.367,4.778
2531,60.366,4.779
2532,60.366,4.779
2533,60.366,4.779
2534,60.365,4.78
2535,60.364,4.78
2536,60.364,4.78
2537,60.364,4.78
2538,60.363,4.78
2539,60.362,4.781
2540,60.362,4.781
2541,60.362,4.781
2542,60.361,4.782
2543,60.36,4.782
2544,60.36,4.782
2545,60.36,4.782
2546,60.359,4.783
2547,60.358,4.783
2548,60.358,4.783
2549,60.358,4.784
2550,60.357,4.784
2551,60.356,4.784
2552,60.356,4.784
2553,60.356,4.785
2554,60.355,4.785
2555,60.354,4.785
2556,60.354,4.786
2557,60.354,4.786
2558,60.353,4.786
2559,60.352,4.787
2560,60.352,4.787
2561,60.351,4.787
2562,60.351,4.788
2563,60.35,4.788
2564,60.35,4.788
2565,60.35,4.789
2566,60.349,4.789
2567,60.348,4.79
2568,60.348,4.79
2569,60.348,4.79
2570,60.347,4.791
2571,60.346,4.791
2572,60.346,4.792
2573,60.346,4.792
2574,60.345,4.792
2575,60.344,4.793
2576,60.344,4.793
2577,60.344,4.793
2578,60.343,4.794
2579,60.342,4.794
2580,60.342,4.794
2581,60.342,4.795
2582,60.341,4.795
2583,60.34,4.796
2584,60.34,4.796
2585,60.34,4.796
2586,60.339,4.797
2587,60.338,4.797
2588,60.338,4.798
2589,60.338,4.798
2590,60.337,4.798
2591,60.336,4.799
2592,60.336,4.799
2593,60.335,4.799
2594,60.335,4.8
2595,60.334,4.8
2596,60.334,4.8
2597,60.334,4.801
2598,60.333,4.801
2599,60.332,4.802
2600,60.332,4.802
2601,60.332,4.802
2602,60.331,4.803
2603,60.33,4.803
2604,60.33,4.804
2605,60.33,4.804
2606,60.329,4.804
2607,60.329,4.805
2608,60.328,4.805
2609,60.328,4.805
2610,60.327,4.806
2611,60.326,4.806
2612,60.326,4.806
2613,60.326,4.807
2614,60.325,4.807
2615,60.324,4.807
2616,60.324,4.807
2617,60.324,4.808
2618,60.323,4.808
2619,60.322,4.808
2620,60.322,4.809
2621,60.322,4.809
2622,60.321,4.809
2623,60.32,4.81
2624,60.32,4.81
2625,60.32,4.81
2626,60.319,4.811
2627,60.319,4.811
2628,60.318,4.812
2629,60.318,4.812
2630,60.317,4.812
2631,60.317,4.813
2632,60.317,4.813
2633,60.316,4.813
2634,60.316,4.814
2635,60.315,4.814
2636,60.315,4.814
2637,60.314,4.815
2638,60.314,4.815
2639,60.313,4.816
2640,60.313,4.816
2641,60.312,4.816
2642,60.312,4.817
2643,60.312,4.817
2644,60.311,4.818
2645,60.311,4.818
2646,60.31,4.818
2647,60.31,4.819
2648,60.309,4.819
2649,60.308,4.819
2650,60.308,4.82
2651,60.308,4.82
2652,60.307,4.82
2653,60.306,4.821
2654,60.306,4.821
2655,60.306,4.822
2656,60.305,4.822
2657,60.304,4.822
2658,60.304,4.823
2659,60.304,4.823
2660,60.303,4.824
2661,60.302,4.824
2662,60.302,4.824
2663,60.302,4.825
2664,60.301,4.825
2665,60.3,4.825
2666,60.3,4.826
2667,60.299,4.826
2668,60.299,4.826
2669,60.298,4.827
2670,60.298,4.827
2671,60.298,4.828
2672,60.297,4.828
2673,60.296,4.828
2674,60.296,4.829
2675,60.296,4.829
2676,60.295,4.83
2677,60.294,4.83
2678,60.294,4.83
2679,60.294,4.831
2680,60.293,4.831
2681,60.292,4.831
2682,60.292,4.832
2683,60.292,4.832
2684,60.291,4.832
2685,60.29,4.833
2686,60.29,4.833
2687,60.29,4.834
2688,60.289,4.834
2689,60.288,4.834
2690,60.288,4.835
2691,60.288,4.835
2692,60.287,4.836
2693,60.287,4.836
2694,60.286,4.836
2695,60.286,4.837
2696,60.285,4.837
2697,60.284,4.837
2698,60.284,4.838
2699,60.284,4.838
2700,60.283,4.838
2701,60.282,4.839
2702,60.282,4.839
2703,60.282,4.84
2704,60.281,4.84
2705,60.28,4.84
2706,60.28,4.841
2707,60.28,4.841
2708,60.279,4.842
2709,60.278,4.842
2710,60.278,4.842
2711,60.278,4.843
2712,60.277,4.843
2713,60.276,4.843
2714,60.276,4.844
2715,60.276,4.844
2716,60.275,4.844
2717,60.274,4.845
2718,60.274,4.845
2719,60.274,4.846
2720,60.273,4.846
2721,60.272,4.846
2722,60.272,4.847
2723,60.272,4.847
2724,60.271,4.848
2725,60.271,4.848
2726,60.27,4.848
2727,60.27,4.849
2728,60.269,4.849
2729,60.268,4.849
2730,60.268,4.85
2731,60.268,4.85
2732,60.267,4.85
2733,60.266,4.851
2734,60.266,4.851
2735,60.266,4.852
2736,60.265,4.852
2737,60.265,4.852
2738,60.264,4.853
2739,60.264,4.853
2740,60.263,4.854
2741,60.263,4.854
2742,60.262,4.854
2743,60.262,4.855
2744,60.262,4.855
2745,60.261,4.855
2746,60.261,4.856
2747,60.26,4.856
2748,60.26,4.856
2749,60.259,4.857
2750,60.259,4.857
2751,60.258,4.858
2752,60.258,4.858
2753,60.258,4.858
2754,60.257,4.859
2755,60.256,4.859
2756,60.256,4.859
2757,60.256,4.86
2758,60.255,4.86
2759,60.254,4.86
2760,60.254,4.86
2761,60.254,4.861
2762,60.253,4.861
2763,60.252,4.861
2764,60.252,4.862
2765,60.252,4.862
2766,60.251,4.862
2767,60.25,4.863
2768,60.25,4.863
2769,60.25,4.863
2770,60.249,4.864
2771,60.248,4.864
2772,60.248,4.865
2773,60.248,4.865
2774,60.247,4.865
2775,60.246,4.866
2776,60.246,4.866
2777,60.246,4.866
2778,60.245,4.867
2779,60.244,4.867
2780,60.244,4.868
2781,60.244,4.868
2782,60.243,4.868
2783,60.242,4.869
2784,60.242,4.869
2785,60.241,4.869
2786,60.241,4.87
2787,60.24,4.87
2788,60.24,4.87
2789,60.24,4.871
2790,60.239,4.871
2791,60.238,4.872
2792,60.238,4.872
2793,60.238,4.872
2794,60.237,4.873
2795,60.236,4.873
2796,60.236,4.874
2797,60.236,4.874
2798,60.235,4.874
2799,60.235,4.875
2800,60.234,4.875
2801,60.234,4.875
2802,60.233,4.876
2803,60.232,4.876
2804,60.232,4.876
2805,60.232,4.877
2806,60.231,4.877
2807,60.23,4.878
2808,60.23,4.878
2809,60.23,4.878
2810,60.229,4.879
2811,60.228,4.879
2812,60.228,4.88
2813,60.228,4.88
2814,60.227,4.88
2815,60.226,4.881
2816,60.226,4.881
2817,60.225,4.881
2818,60.225,4.881
2819,60.224,4.881
2820,60.224,4.881
2821,60.223,4.881
2822,60.223,4.881
2823,60.222,4.881
2824,60.222,4.881
2825,60.221,4.881
2826,60.22,4.881
2827,60.22,4.881
2828,60.219,4.881
2829,60.219,4.881
2830,60.218,4.881
2831,60.218,4.881
2832,60.217,4.881
2833,60.216,4.881
2834,60.216,4.881
2835,60.215,4.881
2836,60.215,4.881
2837,60.214,4.881
2838,60.214,4.881
2839,60.213,4.881
2840,60.212,4.882
2841,60.212,4.882
2842,60.211,4.882
2843,60.211,4.882
2844,60.21,4.882
2845,60.21,4.882
2846,60.209,4.882
2847,60.209,4.882
2848,60.208,4.882
2849,60.207,4.882
2850,60.207,4.882
2851,60.206,4.882
2852,60.206,4.882
2853,60.206,4.882
2854,60.205,4.882
2855,60.204,4.882
2856,60.204,4.882
2857,60.204,4.882
2858,60.203,4.882
2859,60.202,4.882
2860,60.202,4.882
2861,60.202,4.882
2862,60.201,4.882
2863,60.201,4.882
2864,60.2,4.882
2865,60.199,4.882
2866,60.199,4.882
2867,60.198,4.882
2868,60.198,4.882
2869,60.197,4.882
2870,60.197,4.882
2871,60.196,4.882
2872,60.196,4.882
2873,60.195,4.882
2874,60.194,4.882
2875,60.194,4.882
2876,60.193,4.882
2877,60.193,4.882
2878,60.192,4.882
2879,60.192,4.882
2880,60.191,4.882
2881,60.19,4.882
2882,60.19,4.882
2883,60.189,4.882
2884,60.189,4.882
2885,60.188,4.882
2886,60.188,4.882
2887,60.187,4.882
2888,60.186,4.882
2889,60.186,4.883
2890,60.185,4.883
2891,60.185,4.883
2892,60.184,4.883
2893,60.184,4.883
2894,60.183,4.883
2895,60.183,4.883
2896,60.182,4.883
2897,60.182,4.883
2898,60.181,4.883
2899,60.18,4.883
2900,60.18,4.883
2901,60.18,4.883
2902,60.179,4.883
2903,60.178,4.883
2904,60.178,4.883
2905,60.178,4.883
2906,60.177,4.883
2907,60.176,4.883
2908,60.176,4.883
2909,60.176,4.883
2910,60.175,4.883
2911,60.174,4.883
2912,60.174,4.883
2913,60.173,4.883
2914,60.173,4.883
2915,60.172,4.883
2916,60.172,4.883
2917,60.171,4.883
2918,60.171,4.883
2919,60.17,4.883
2920,60.17,4.884
2921,60.169,4.884
2922,60.168,4.884
2923,60.168,4.884
2924,60.167,4.884
2925,60.167,4.884
2926,60.166,4.884
2927,60.166,4.884
2928,60.165,4.884
2929,60.164,4.884
2930,60.164,4.884
2931,60.163,4.884
2932,60.163,4.884
2933,60.162,4.884
2934,60.162,4.884
2935,60.161,4.884
2936,60.16,4.884
2937,60.16,4.884
2938,60.159,4.884
2939,60.159,4.884
2940,60.158,4.884
2941,60.158,4.884
2942,60.157,4.884
2943,60.157,4.884
2944,60.156,4.884
2945,60.155,4.884
2946,60.155,4.884
2947,60.154,4.884
2948,60.154,4.884
2949,60.153,4.884
2950,60.153,4.884
2951,60.152,4.884
2952,60.152,4.884
2953,60.151,4.884
2954,60.15,4.884
2955,60.15,4.884
2956,60.149,4.884
2957,60.149,4.884
2958,60.148,4.884
2959,60.148,4.884
2960,60.147,4.884
2961,60.146,4.884
2962,60.146,4.884
2963,60.145,4.884
2964,60.145,4.884
2965,60.144,4.884
2966,60.144,4.884
2967,60.143,4.884
2968,60.142,4.884
2969,60.142,4.885
2970,60.141,4.885
2971,60.141,4.885
2972,60.14,4.885
2973,60.14,4.885
2974,60.139,4.885
2975,60.139,4.885
2976,60.138,4.885
2977,60.137,4.885
2978,60.137,4.885
2979,60.136,4.885
2980,60.136,4.885
2981,60.136,4.885
2982,60.135,4.885
2983,60.134,4.885
2984,60.134,4.885
2985,60.134,4.885
2986,60.133,4.885
2987,60.132,4.885
2988,60.132,4.885
2989,60.132,4.885
2990,60.131,4.885
2991,60.131,4.885
2992,60.13,4.885
2993,60.129,4.885
2994,60.129,4.885
2995,60.128,4.885
2996,60.128,4.885
2997,60.127,4.885
2998,60.127,4.885
2999,60.126,4.885
3000,60.126,4.885
3001,60.125,4.885
3002,60.124,4.885
3003,60.124,4.885
3004,60.123,4.885
3005,60.123,4.885
3006,60.122,4.885
3007,60.122,4.885
3008,60.121,4.885
3009,60.12,4.885
3010,60.12,4.885
3011,60.119,4.885
3012,60.119,4.885
3013,60.118,4.885
3014,60.118,4.885
3015,60.117,4.885
3016,60.116,4.886
3017,60.116,4.886
3018,60.115,4.886
3019,60.115,4.886
3020,60.114,4.886
3021,60.114,4.886
3022,60.113,4.886
3023,60.113,4.886
3024,60.112,4.886
3025,60.112,4.886
3026,60.111,4.886
3027,60.11,4.886
3028,60.11,4.886
3029,60.11,4.886
3030,60.109,4.886
3031,60.108,4.886
3032,60.108,4.886
3033,60.108,4.886
3034,60.107,4.886
3035,60.106,4.886
3036,60.106,4.886
3037,60.106,4.886
3038,60.105,4.886
3039,60.104,4.886
3040,60.104,4.886
3041,60.103,4.886
3042,60.103,4.886
3043,60.102,4.886
3044,60.102,4.886
3045,60.101,4.886
3046,60.101,4.886
3047,60.1,4.886
3048,60.1,4.886
3049,60.099,4.887
3050,60.098,4.887
3051,60.098,4.887
3052,60.097,4.887
3053,60.097,4.887
3054,60.096,4.887
3055,60.096,4.887
3056,60.095,4.887
3057,60.094,4.887
3058,60.094,4.887
3059,60.093,4.887
3060,60.093,4.887
3061,60.092,4.887
3062,60.092,4.887
3063,60.091,4.887
3064,60.09,4.887
3065,60.09,4.887
3066,60.089,4.887
3067,60.089,4.887
3068,60.088,4.887
3069,60.088,4.887
3070,60.087,4.887
3071,60.087,4.887
3072,60.086,4.887
