,0,1
0,62.473,6.193
1,62.473,6.192
2,62.473,6.19
3,62.473,6.189
4,62.473,6.188
5,62.473,6.186
6,62.473,6.185
7,62.473,6.184
8,62.472,6.182
9,62.472,6.181
10,62.472,6.18
11,62.472,6.179
12,62.472,6.177
13,62.472,6.176
14,62.472,6.175
15,62.472,6.173
16,62.472,6.172
17,62.472,6.171
18,62.472,6.169
19,62.472,6.168
20,62.472,6.166
21,62.471,6.165
22,62.471,6.164
23,62.471,6.162
24,62.471,6.161
25,62.471,6.16
26,62.471,6.158
27,62.471,6.157
28,62.47,6.156
29,62.47,6.154
30,62.47,6.153
31,62.47,6.151
32,62.47,6.15
33,62.47,6.149
34,62.47,6.147
35,62.47,6.146
36,62.47,6.145
37,62.47,6.143
38,62.47,6.142
39,62.47,6.141
40,62.47,6.14
41,62.469,6.138
42,62.469,6.137
43,62.469,6.136
44,62.469,6.134
45,62.469,6.133
46,62.469,6.132
47,62.469,6.13
48,62.469,6.129
49,62.469,6.128
50,62.469,6.126
51,62.469,6.125
52,62.468,6.124
53,62.468,6.122
54,62.468,6.121
55,62.468,6.12
56,62.468,6.118
57,62.468,6.117
58,62.468,6.116
59,62.468,6.115
60,62.468,6.113
61,62.467,6.112
62,62.467,6.111
63,62.467,6.109
64,62.467,6.108
65,62.467,6.107
66,62.467,6.105
67,62.467,6.104
68,62.467,6.103
69,62.467,6.101
70,62.467,6.1
71,62.467,6.099
72,62.466,6.098
73,62.466,6.096
74,62.466,6.095
75,62.466,6.094
76,62.466,6.092
77,62.466,6.091
78,62.466,6.09
79,62.466,6.088
80,62.466,6.087
81,62.466,6.086
82,62.466,6.084
83,62.466,6.083
84,62.466,6.082
85,62.465,6.08
86,62.465,6.079
87,62.465,6.078
88,62.465,6.076
89,62.465,6.075
90,62.465,6.074
91,62.465,6.073
92,62.464,6.071
93,62.464,6.07
94,62.464,6.069
95,62.464,6.067
96,62.464,6.066
97,62.464,6.065
98,62.464,6.063
99,62.464,6.062
100,62.464,6.06
101,62.464,6.059
102,62.464,6.058
103,62.464,6.056
104,62.463,6.055
105,62.463,6.054
106,62.463,6.052
107,62.463,6.051
108,62.463,6.05
109,62.463,6.048
110,62.463,6.047
111,62.463,6.045
112,62.463,6.044
113,62.463,6.043
114,62.463,6.041
115,62.463,6.04
116,62.463,6.039
117,62.463,6.037
118,62.463,6.036
119,62.463,6.035
120,62.463,6.034
121,62.462,6.032
122,62.462,6.031
123,62.462,6.03
124,62.462,6.028
125,62.462,6.027
126,62.462,6.026
127,62.462,6.024
128,62.462,6.023
129,62.462,6.022
130,62.462,6.02
131,62.462,6.019
132,62.462,6.018
133,62.461,6.016
134,62.461,6.015
135,62.461,6.014
136,62.461,6.012
137,62.461,6.011
138,62.461,6.01
139,62.461,6.009
140,62.46,6.007
141,62.46,6.006
142,62.46,6.005
143,62.46,6.003
144,62.46,6.002
145,62.46,6.001
146,62.46,5.999
147,62.46,5.998
148,62.46,5.996
149,62.46,5.995
150,62.46,5.994
151,62.46,5.992
152,62.46,5.991
153,62.459,5.99
154,62.459,5.988
155,62.459,5.987
156,62.459,5.986
157,62.459,5.984
158,62.459,5.983
159,62.459,5.981
160,62.459,5.98
161,62.459,5.979
162,62.459,5.977
163,62.459,5.976
164,62.458,5.975
165,62.458,5.973
166,62.458,5.972
167,62.458,5.971
168,62.458,5.97
169,62.458,5.968
170,62.458,5.967
171,62.458,5.966
172,62.458,5.964
173,62.457,5.963
174,62.457,5.962
175,62.457,5.96
176,62.457,5.959
177,62.457,5.958
178,62.457,5.956
179,62.457,5.955
180,62.457,5.954
181,62.457,5.952
182,62.457,5.951
183,62.457,5.95
184,62.457,5.948
185,62.456,5.947
186,62.456,5.946
187,62.456,5.945
188,62.456,5.943
189,62.456,5.942
190,62.456,5.941
191,62.456,5.939
192,62.456,5.938
193,62.456,5.937
194,62.456,5.935
195,62.456,5.934
196,62.456,5.933
197,62.455,5.931
198,62.455,5.93
199,62.455,5.929
200,62.455,5.928
201,62.455,5.926
202,62.455,5.925
203,62.455,5.924
204,62.454,5.922
205,62.454,5.921
206,62.454,5.92
207,62.454,5.918
208,62.454,5.917
209,62.454,5.916
210,62.454,5.914
211,62.454,5.913
212,62.454,5.912
213,62.454,5.91
214,62.454,5.909
215,62.454,5.908
216,62.454,5.906
217,62.453,5.905
218,62.453,5.904
219,62.453,5.903
220,62.453,5.901
221,62.453,5.9
222,62.453,5.899
223,62.453,5.897
224,62.453,5.896
225,62.453,5.895
226,62.453,5.893
227,62.453,5.892
228,62.452,5.89
229,62.452,5.889
230,62.452,5.888
231,62.452,5.886
232,62.452,5.885
233,62.452,5.884
234,62.452,5.882
235,62.452,5.881
236,62.452,5.88
237,62.451,5.878
238,62.451,5.877
239,62.451,5.875
240,62.451,5.874
241,62.451,5.873
242,62.451,5.871
243,62.451,5.87
244,62.451,5.869
245,62.451,5.867
246,62.451,5.866
247,62.451,5.865
248,62.451,5.864
249,62.45,5.862
250,62.45,5.861
251,62.45,5.86
252,62.45,5.858
253,62.45,5.857
254,62.45,5.856
255,62.45,5.854
256,62.45,5.853
257,62.45,5.852
258,62.45,5.851
259,62.45,5.849
260,62.45,5.848
261,62.45,5.847
262,62.45,5.846
263,62.45,5.845
264,62.45,5.844
265,62.449,5.842
266,62.449,5.841
267,62.449,5.84
268,62.449,5.839
269,62.449,5.838
270,62.449,5.836
271,62.449,5.835
272,62.449,5.834
273,62.449,5.833
274,62.449,5.832
275,62.449,5.83
276,62.449,5.829
277,62.449,5.828
278,62.449,5.827
279,62.449,5.826
280,62.448,5.824
281,62.448,5.823
282,62.448,5.822
283,62.448,5.821
284,62.448,5.82
285,62.448,5.819
286,62.448,5.817
287,62.448,5.816
288,62.448,5.815
289,62.448,5.814
290,62.448,5.813
291,62.448,5.812
292,62.448,5.81
293,62.448,5.809
294,62.448,5.808
295,62.448,5.807
296,62.448,5.806
297,62.448,5.805
298,62.448,5.804
299,62.448,5.803
300,62.448,5.802
301,62.448,5.8
302,62.448,5.799
303,62.448,5.798
304,62.448,5.797
305,62.448,5.796
306,62.448,5.795
307,62.448,5.793
308,62.448,5.792
309,62.448,5.791
310,62.448,5.79
311,62.448,5.789
312,62.448,5.788
313,62.447,5.786
314,62.447,5.785
315,62.447,5.784
316,62.447,5.783
317,62.447,5.782
318,62.447,5.78
319,62.447,5.779
320,62.447,5.778
321,62.447,5.777
322,62.447,5.776
323,62.447,5.774
324,62.447,5.773
325,62.447,5.772
326,62.447,5.771
327,62.447,5.77
328,62.446,5.768
329,62.446,5.767
330,62.446,5.766
331,62.446,5.765
332,62.446,5.764
333,62.446,5.763
334,62.446,5.761
335,62.446,5.76
336,62.446,5.759
337,62.446,5.758
338,62.446,5.757
339,62.446,5.755
340,62.446,5.754
341,62.446,5.753
342,62.446,5.752
343,62.446,5.751
344,62.446,5.75
345,62.446,5.748
346,62.446,5.747
347,62.446,5.746
348,62.446,5.745
349,62.446,5.744
350,62.446,5.742
351,62.446,5.741
352,62.446,5.74
353,62.446,5.739
354,62.446,5.738
355,62.446,5.736
356,62.446,5.735
357,62.446,5.734
358,62.446,5.733
359,62.446,5.732
360,62.445,5.73
361,62.445,5.729
362,62.445,5.728
363,62.445,5.727
364,62.445,5.726
365,62.445,5.725
366,62.445,5.723
367,62.445,5.722
368,62.445,5.721
369,62.445,5.72
370,62.445,5.719
371,62.445,5.717
372,62.445,5.716
373,62.445,5.715
374,62.445,5.714
375,62.445,5.713
376,62.445,5.712
377,62.444,5.71
378,62.444,5.709
379,62.444,5.708
380,62.444,5.707
381,62.444,5.706
382,62.444,5.704
383,62.444,5.703
384,62.444,5.702
385,62.444,5.701
386,62.444,5.7
387,62.444,5.699
388,62.444,5.698
389,62.444,5.696
390,62.444,5.695
391,62.444,5.694
392,62.444,5.693
393,62.443,5.692
394,62.443,5.691
395,62.443,5.69
396,62.443,5.688
397,62.443,5.687
398,62.443,5.686
399,62.443,5.685
400,62.443,5.684
401,62.443,5.683
402,62.443,5.682
403,62.443,5.68
404,62.443,5.679
405,62.443,5.678
406,62.443,5.677
407,62.443,5.676
408,62.442,5.674
409,62.442,5.673
410,62.442,5.672
411,62.442,5.671
412,62.442,5.67
413,62.442,5.669
414,62.442,5.667
415,62.442,5.666
416,62.442,5.665
417,62.442,5.664
418,62.442,5.663
419,62.442,5.661
420,62.442,5.66
421,62.442,5.659
422,62.442,5.658
423,62.442,5.657
424,62.442,5.656
425,62.442,5.654
426,62.442,5.653
427,62.442,5.652
428,62.442,5.651
429,62.442,5.65
430,62.442,5.648
431,62.442,5.647
432,62.442,5.646
433,62.442,5.645
434,62.442,5.644
435,62.442,5.642
436,62.442,5.641
437,62.442,5.64
438,62.442,5.639
439,62.442,5.638
440,62.442,5.636
441,62.441,5.635
442,62.441,5.634
443,62.441,5.633
444,62.441,5.632
445,62.441,5.631
446,62.441,5.629
447,62.441,5.628
448,62.441,5.627
449,62.441,5.626
450,62.441,5.625
451,62.441,5.623
452,62.441,5.622
453,62.441,5.621
454,62.441,5.62
455,62.441,5.619
456,62.44,5.618
457,62.44,5.616
458,62.44,5.615
459,62.44,5.614
460,62.44,5.613
461,62.44,5.612
462,62.44,5.61
463,62.44,5.609
464,62.44,5.608
465,62.44,5.607
466,62.44,5.606
467,62.44,5.605
468,62.44,5.603
469,62.44,5.602
470,62.44,5.601
471,62.44,5.6
472,62.44,5.599
473,62.44,5.598
474,62.44,5.597
475,62.44,5.596
476,62.44,5.594
477,62.44,5.593
478,62.44,5.592
479,62.44,5.591
480,62.44,5.59
481,62.44,5.589
482,62.44,5.588
483,62.44,5.586
484,62.44,5.585
485,62.44,5.584
486,62.44,5.583
487,62.44,5.582
488,62.439,5.58
489,62.439,5.579
490,62.439,5.578
491,62.439,5.577
492,62.439,5.576
493,62.439,5.575
494,62.439,5.573
495,62.439,5.572
496,62.439,5.571
497,62.439,5.57
498,62.439,5.569
499,62.439,5.567
500,62.439,5.566
501,62.439,5.565
502,62.439,5.564
503,62.439,5.563
504,62.439,5.562
505,62.438,5.56
506,62.438,5.559
507,62.438,5.558
508,62.438,5.557
509,62.438,5.556
510,62.438,5.554
511,62.438,5.553
512,62.438,5.552
513,62.438,5.551
514,62.437,5.55
515,62.437,5.549
516,62.437,5.548
517,62.436,5.548
518,62.436,5.547
519,62.436,5.546
520,62.436,5.545
521,62.435,5.544
522,62.435,5.543
523,62.435,5.542
524,62.434,5.542
525,62.434,5.541
526,62.434,5.54
527,62.433,5.539
528,62.433,5.538
529,62.433,5.537
530,62.432,5.536
531,62.432,5.535
532,62.432,5.534
533,62.431,5.534
534,62.431,5.533
535,62.431,5.532
536,62.43,5.531
537,62.43,5.53
538,62.43,5.529
539,62.43,5.528
540,62.429,5.528
541,62.429,5.527
542,62.429,5.526
543,62.428,5.525
544,62.428,5.524
545,62.428,5.523
546,62.427,5.522
547,62.427,5.521
548,62.427,5.52
549,62.426,5.52
550,62.426,5.519
551,62.426,5.518
552,62.426,5.517
553,62.425,5.516
554,62.425,5.515
555,62.425,5.514
556,62.424,5.514
557,62.424,5.513
558,62.424,5.512
559,62.423,5.511
560,62.423,5.51
561,62.423,5.509
562,62.422,5.508
563,62.422,5.507
564,62.422,5.506
565,62.421,5.506
566,62.421,5.505
567,62.421,5.504
568,62.421,5.503
569,62.42,5.502
570,62.42,5.501
571,62.42,5.5
572,62.419,5.5
573,62.419,5.499
574,62.419,5.498
575,62.418,5.497
576,62.418,5.496
577,62.418,5.495
578,62.417,5.494
579,62.417,5.493
580,62.416,5.493
581,62.416,5.492
582,62.416,5.491
583,62.415,5.49
584,62.415,5.489
585,62.415,5.488
586,62.414,5.487
587,62.414,5.486
588,62.414,5.486
589,62.413,5.485
590,62.413,5.484
591,62.412,5.483
592,62.412,5.482
593,62.412,5.481
594,62.411,5.48
595,62.411,5.479
596,62.411,5.478
597,62.41,5.478
598,62.41,5.477
599,62.41,5.476
600,62.409,5.475
601,62.409,5.474
602,62.409,5.473
603,62.409,5.472
604,62.408,5.472
605,62.408,5.471
606,62.408,5.47
607,62.407,5.469
608,62.407,5.468
609,62.407,5.467
610,62.406,5.466
611,62.406,5.465
612,62.406,5.464
613,62.405,5.464
614,62.405,5.463
615,62.405,5.462
616,62.404,5.461
617,62.404,5.46
618,62.404,5.459
619,62.404,5.458
620,62.403,5.458
621,62.403,5.457
622,62.403,5.456
623,62.402,5.455
624,62.402,5.454
625,62.402,5.453
626,62.401,5.452
627,62.401,5.451
628,62.401,5.45
629,62.4,5.45
630,62.4,5.449
631,62.4,5.448
632,62.4,5.447
633,62.399,5.446
634,62.399,5.445
635,62.399,5.444
636,62.398,5.444
637,62.398,5.443
638,62.398,5.442
639,62.397,5.441
640,62.397,5.44
641,62.397,5.439
642,62.396,5.438
643,62.396,5.437
644,62.396,5.437
645,62.395,5.436
646,62.395,5.435
647,62.395,5.434
648,62.394,5.433
649,62.394,5.432
650,62.394,5.431
651,62.394,5.43
652,62.393,5.43
653,62.393,5.429
654,62.393,5.428
655,62.392,5.427
656,62.392,5.426
657,62.392,5.425
658,62.391,5.424
659,62.391,5.423
660,62.391,5.422
661,62.39,5.422
662,62.39,5.421
663,62.39,5.42
664,62.39,5.419
665,62.389,5.418
666,62.389,5.417
667,62.389,5.416
668,62.388,5.416
669,62.388,5.415
670,62.388,5.414
671,62.387,5.413
672,62.387,5.412
673,62.387,5.411
674,62.386,5.41
675,62.386,5.409
676,62.386,5.408
677,62.385,5.408
678,62.385,5.407
679,62.385,5.406
680,62.384,5.405
681,62.384,5.404
682,62.384,5.403
683,62.384,5.402
684,62.383,5.401
685,62.383,5.401
686,62.383,5.4
687,62.382,5.399
688,62.382,5.398
689,62.382,5.397
690,62.381,5.396
691,62.381,5.395
692,62.38,5.394
693,62.38,5.394
694,62.38,5.393
695,62.379,5.392
696,62.379,5.391
697,62.379,5.39
698,62.378,5.389
699,62.378,5.388
700,62.378,5.388
701,62.377,5.387
702,62.377,5.386
703,62.376,5.385
704,62.376,5.384
705,62.376,5.383
706,62.375,5.382
707,62.375,5.381
708,62.375,5.381
709,62.374,5.38
710,62.374,5.379
711,62.374,5.378
712,62.374,5.377
713,62.373,5.376
714,62.373,5.375
715,62.373,5.374
716,62.372,5.374
717,62.372,5.373
718,62.372,5.372
719,62.371,5.371
720,62.371,5.37
721,62.371,5.369
722,62.37,5.368
723,62.37,5.367
724,62.37,5.366
725,62.369,5.366
726,62.369,5.365
727,62.369,5.364
728,62.368,5.363
729,62.368,5.362
730,62.368,5.361
731,62.368,5.36
732,62.367,5.36
733,62.367,5.359
734,62.367,5.358
735,62.366,5.357
736,62.366,5.356
737,62.366,5.355
738,62.365,5.354
739,62.365,5.353
740,62.365,5.352
741,62.364,5.352
742,62.364,5.351
743,62.364,5.35
744,62.364,5.349
745,62.363,5.348
746,62.363,5.347
747,62.363,5.346
748,62.362,5.345
749,62.362,5.345
750,62.362,5.344
751,62.361,5.343
752,62.361,5.342
753,62.361,5.341
754,62.36,5.34
755,62.36,5.339
756,62.36,5.338
757,62.359,5.338
758,62.359,5.337
759,62.359,5.336
760,62.358,5.335
761,62.358,5.334
762,62.358,5.333
763,62.358,5.332
764,62.357,5.332
765,62.357,5.331
766,62.357,5.33
767,62.356,5.329
768,62.356,5.328
769,62.356,5.327
770,62.355,5.326
771,62.355,5.326
772,62.355,5.325
773,62.354,5.324
774,62.354,5.323
775,62.354,5.322
776,62.354,5.322
777,62.353,5.321
778,62.353,5.32
779,62.353,5.319
780,62.352,5.318
781,62.352,5.317
782,62.352,5.317
783,62.351,5.316
784,62.351,5.315
785,62.351,5.314
786,62.35,5.313
787,62.35,5.312
788,62.35,5.312
789,62.349,5.311
790,62.349,5.31
791,62.348,5.309
792,62.348,5.308
793,62.348,5.307
794,62.347,5.306
795,62.347,5.305
796,62.346,5.304
797,62.346,5.304
798,62.346,5.303
799,62.345,5.302
800,62.345,5.301
801,62.345,5.3
802,62.344,5.299
803,62.344,5.299
804,62.344,5.298
805,62.343,5.297
806,62.343,5.296
807,62.343,5.295
808,62.342,5.294
809,62.342,5.294
810,62.342,5.293
811,62.342,5.292
812,62.341,5.291
813,62.341,5.29
814,62.341,5.29
815,62.34,5.289
816,62.34,5.288
817,62.34,5.287
818,62.339,5.286
819,62.339,5.285
820,62.339,5.284
821,62.338,5.284
822,62.338,5.283
823,62.338,5.282
824,62.338,5.281
825,62.337,5.28
826,62.337,5.279
827,62.337,5.278
828,62.336,5.278
829,62.336,5.277
830,62.336,5.276
831,62.335,5.275
832,62.335,5.274
833,62.335,5.273
834,62.334,5.272
835,62.334,5.271
836,62.334,5.27
837,62.333,5.27
838,62.333,5.269
839,62.332,5.268
840,62.332,5.267
841,62.332,5.266
842,62.331,5.265
843,62.331,5.264
844,62.33,5.264
845,62.33,5.263
846,62.33,5.262
847,62.329,5.261
848,62.329,5.26
849,62.329,5.259
850,62.328,5.258
851,62.328,5.258
852,62.328,5.257
853,62.327,5.256
854,62.327,5.255
855,62.327,5.254
856,62.326,5.254
857,62.326,5.253
858,62.326,5.252
859,62.326,5.251
860,62.325,5.25
861,62.325,5.249
862,62.325,5.249
863,62.324,5.248
864,62.324,5.247
865,62.324,5.246
866,62.323,5.245
867,62.323,5.245
868,62.323,5.244
869,62.322,5.243
870,62.322,5.242
871,62.322,5.241
872,62.322,5.24
873,62.321,5.24
874,62.321,5.239
875,62.321,5.238
876,62.32,5.237
877,62.32,5.236
878,62.32,5.236
879,62.319,5.235
880,62.319,5.234
881,62.319,5.233
882,62.318,5.232
883,62.318,5.231
884,62.318,5.23
885,62.317,5.23
886,62.317,5.229
887,62.317,5.228
888,62.317,5.227
889,62.316,5.226
890,62.316,5.225
891,62.316,5.224
892,62.315,5.224
893,62.315,5.223
894,62.315,5.222
895,62.314,5.221
896,62.314,5.22
897,62.314,5.219
898,62.313,5.218
899,62.313,5.217
900,62.312,5.216
901,62.312,5.216
902,62.312,5.215
903,62.311,5.214
904,62.311,5.213
905,62.311,5.212
906,62.31,5.211
907,62.31,5.21
908,62.31,5.21
909,62.309,5.209
910,62.309,5.208
911,62.308,5.207
912,62.308,5.206
913,62.308,5.205
914,62.307,5.204
915,62.307,5.204
916,62.307,5.203
917,62.306,5.202
918,62.306,5.201
919,62.306,5.2
920,62.305,5.2
921,62.305,5.199
922,62.305,5.198
923,62.305,5.197
924,62.304,5.196
925,62.304,5.195
926,62.304,5.195
927,62.303,5.194
928,62.303,5.193
929,62.303,5.192
930,62.302,5.191
931,62.302,5.191
932,62.302,5.19
933,62.301,5.189
934,62.301,5.188
935,62.301,5.187
936,62.3,5.186
937,62.3,5.186
938,62.3,5.185
939,62.3,5.184
940,62.299,5.183
941,62.299,5.182
942,62.299,5.182
943,62.298,5.181
944,62.298,5.18
945,62.298,5.179
946,62.297,5.178
947,62.297,5.177
948,62.296,5.176
949,62.296,5.176
950,62.296,5.175
951,62.295,5.174
952,62.295,5.173
953,62.295,5.172
954,62.294,5.171
955,62.294,5.17
956,62.294,5.17
957,62.293,5.169
958,62.293,5.168
959,62.292,5.167
960,62.292,5.166
961,62.292,5.165
962,62.291,5.164
963,62.291,5.163
964,62.291,5.163
965,62.29,5.162
966,62.29,5.161
967,62.29,5.16
968,62.29,5.159
969,62.289,5.158
970,62.289,5.157
971,62.289,5.156
972,62.288,5.156
973,62.288,5.155
974,62.288,5.154
975,62.287,5.153
976,62.287,5.152
977,62.287,5.151
978,62.286,5.15
979,62.286,5.15
980,62.286,5.149
981,62.285,5.148
982,62.285,5.147
983,62.285,5.146
984,62.284,5.146
985,62.284,5.145
986,62.284,5.144
987,62.284,5.143
988,62.283,5.142
989,62.283,5.141
990,62.283,5.141
991,62.282,5.14
992,62.282,5.139
993,62.282,5.138
994,62.281,5.137
995,62.281,5.137
996,62.28,5.136
997,62.28,5.135
998,62.28,5.134
999,62.279,5.133
1000,62.279,5.132
1001,62.279,5.132
1002,62.278,5.131
1003,62.278,5.13
1004,62.278,5.129
1005,62.277,5.128
1006,62.277,5.128
1007,62.276,5.127
1008,62.276,5.126
1009,62.276,5.125
1010,62.275,5.124
1011,62.275,5.123
1012,62.275,5.123
1013,62.274,5.122
1014,62.274,5.121
1015,62.274,5.12
1016,62.274,5.119
1017,62.273,5.118
1018,62.273,5.117
1019,62.273,5.116
1020,62.272,5.116
1021,62.272,5.115
1022,62.272,5.114
1023,62.271,5.113
1024,62.271,5.112
1025,62.271,5.111
1026,62.27,5.111
1027,62.27,5.11
1028,62.269,5.11
1029,62.269,5.109
1030,62.268,5.109
1031,62.268,5.108
1032,62.268,5.108
1033,62.267,5.107
1034,62.267,5.106
1035,62.266,5.106
1036,62.266,5.105
1037,62.265,5.105
1038,62.265,5.104
1039,62.264,5.104
1040,62.264,5.103
1041,62.264,5.102
1042,62.263,5.102
1043,62.262,5.101
1044,62.262,5.101
1045,62.262,5.1
1046,62.261,5.1
1047,62.26,5.099
1048,62.26,5.098
1049,62.26,5.098
1050,62.259,5.097
1051,62.258,5.097
1052,62.258,5.096
1053,62.258,5.096
1054,62.257,5.095
1055,62.256,5.095
1056,62.256,5.094
1057,62.256,5.093
1058,62.255,5.093
1059,62.255,5.092
1060,62.254,5.092
1061,62.254,5.091
1062,62.253,5.091
1063,62.253,5.09
1064,62.252,5.09
1065,62.252,5.089
1066,62.252,5.088
1067,62.251,5.088
1068,62.251,5.087
1069,62.25,5.087
1070,62.25,5.086
1071,62.249,5.086
1072,62.249,5.085
1073,62.248,5.084
1074,62.248,5.084
1075,62.248,5.083
1076,62.247,5.083
1077,62.247,5.082
1078,62.246,5.082
1079,62.246,5.081
1080,62.245,5.08
1081,62.244,5.08
1082,62.244,5.079
1083,62.244,5.079
1084,62.243,5.078
1085,62.242,5.078
1086,62.242,5.077
1087,62.242,5.077
1088,62.241,5.076
1089,62.241,5.075
1090,62.24,5.075
1091,62.24,5.074
1092,62.239,5.074
1093,62.239,5.073
1094,62.238,5.073
1095,62.238,5.072
1096,62.238,5.072
1097,62.237,5.071
1098,62.237,5.07
1099,62.236,5.07
1100,62.236,5.069
1101,62.235,5.069
1102,62.235,5.068
1103,62.234,5.068
1104,62.234,5.067
1105,62.234,5.066
1106,62.233,5.066
1107,62.232,5.065
1108,62.232,5.065
1109,62.232,5.064
1110,62.231,5.064
1111,62.23,5.063
1112,62.23,5.062
1113,62.23,5.062
1114,62.229,5.061
1115,62.228,5.061
1116,62.228,5.06
1117,62.228,5.06
1118,62.227,5.059
1119,62.226,5.059
1120,62.226,5.058
1121,62.226,5.057
1122,62.225,5.057
1123,62.225,5.056
1124,62.224,5.056
1125,62.224,5.055
1126,62.223,5.055
1127,62.223,5.054
1128,62.222,5.054
1129,62.222,5.053
1130,62.222,5.052
1131,62.221,5.052
1132,62.221,5.051
1133,62.22,5.051
1134,62.22,5.05
1135,62.219,5.05
1136,62.219,5.049
1137,62.219,5.048
1138,62.218,5.048
1139,62.218,5.047
1140,62.217,5.047
1141,62.217,5.046
1142,62.216,5.046
1143,62.216,5.045
1144,62.216,5.044
1145,62.215,5.044
1146,62.215,5.043
1147,62.214,5.043
1148,62.214,5.042
1149,62.213,5.042
1150,62.213,5.041
1151,62.212,5.041
1152,62.212,5.04
1153,62.212,5.039
1154,62.211,5.039
1155,62.21,5.038
1156,62.21,5.038
1157,62.21,5.037
1158,62.209,5.037
1159,62.208,5.036
1160,62.208,5.036
1161,62.208,5.035
1162,62.207,5.034
1163,62.206,5.034
1164,62.206,5.033
1165,62.206,5.033
1166,62.205,5.032
1167,62.204,5.032
1168,62.204,5.031
1169,62.204,5.03
1170,62.203,5.03
1171,62.203,5.029
1172,62.202,5.029
1173,62.202,5.028
1174,62.201,5.028
1175,62.201,5.027
1176,62.201,5.026
1177,62.2,5.026
1178,62.2,5.025
1179,62.199,5.025
1180,62.199,5.024
1181,62.198,5.024
1182,62.198,5.023
1183,62.197,5.023
1184,62.197,5.022
1185,62.196,5.021
1186,62.196,5.021
1187,62.196,5.02
1188,62.195,5.02
1189,62.195,5.019
1190,62.194,5.019
1191,62.194,5.018
1192,62.193,5.018
1193,62.192,5.017
1194,62.192,5.016
1195,62.192,5.016
1196,62.191,5.015
1197,62.19,5.015
1198,62.19,5.014
1199,62.19,5.014
1200,62.189,5.013
1201,62.189,5.012
1202,62.188,5.012
1203,62.188,5.011
1204,62.187,5.011
1205,62.187,5.01
1206,62.186,5.01
1207,62.186,5.009
1208,62.186,5.008
1209,62.185,5.008
1210,62.185,5.007
1211,62.184,5.007
1212,62.184,5.006
1213,62.183,5.006
1214,62.183,5.005
1215,62.182,5.005
1216,62.182,5.004
1217,62.182,5.003
1218,62.181,5.003
1219,62.18,5.002
1220,62.18,5.002
1221,62.18,5.001
1222,62.179,5.001
1223,62.178,5.0
1224,62.178,4.999
1225,62.178,4.999
1226,62.177,4.998
1227,62.176,4.998
1228,62.176,4.997
1229,62.176,4.997
1230,62.175,4.996
1231,62.174,4.996
1232,62.174,4.995
1233,62.174,4.994
1234,62.173,4.994
1235,62.173,4.993
1236,62.172,4.993
1237,62.172,4.992
1238,62.171,4.992
1239,62.171,4.991
1240,62.171,4.99
1241,62.17,4.99
1242,62.17,4.989
1243,62.169,4.989
1244,62.169,4.988
1245,62.168,4.988
1246,62.168,4.987
1247,62.167,4.987
1248,62.167,4.986
1249,62.166,4.985
1250,62.166,4.985
1251,62.166,4.984
1252,62.165,4.984
1253,62.165,4.983
1254,62.164,4.983
1255,62.164,4.982
1256,62.163,4.982
1257,62.162,4.981
1258,62.162,4.98
1259,62.162,4.98
1260,62.161,4.979
1261,62.16,4.979
1262,62.16,4.978
1263,62.16,4.978
1264,62.159,4.977
1265,62.159,4.976
1266,62.158,4.976
1267,62.158,4.975
1268,62.157,4.975
1269,62.157,4.974
1270,62.156,4.974
1271,62.156,4.973
1272,62.156,4.972
1273,62.155,4.972
1274,62.155,4.971
1275,62.154,4.971
1276,62.154,4.97
1277,62.153,4.97
1278,62.153,4.969
1279,62.152,4.969
1280,62.152,4.968
1281,62.152,4.967
1282,62.151,4.967
1283,62.15,4.966
1284,62.15,4.966
1285,62.15,4.965
1286,62.149,4.965
1287,62.148,4.964
1288,62.148,4.964
1289,62.148,4.963
1290,62.147,4.962
1291,62.146,4.962
1292,62.146,4.961
1293,62.146,4.961
1294,62.145,4.96
1295,62.144,4.96
1296,62.144,4.959
1297,62.144,4.958
1298,62.143,4.958
1299,62.143,4.957
1300,62.142,4.956
1301,62.142,4.956
1302,62.141,4.955
1303,62.141,4.955
1304,62.14,4.954
1305,62.14,4.953
1306,62.14,4.953
1307,62.139,4.952
1308,62.139,4.951
1309,62.138,4.951
1310,62.138,4.95
1311,62.137,4.95
1312,62.137,4.949
1313,62.136,4.948
1314,62.136,4.948
1315,62.136,4.947
1316,62.135,4.947
1317,62.134,4.946
1318,62.134,4.946
1319,62.134,4.945
1320,62.133,4.944
1321,62.132,4.944
1322,62.132,4.943
1323,62.131,4.943
1324,62.131,4.942
1325,62.13,4.942
1326,62.13,4.941
1327,62.13,4.941
1328,62.129,4.94
1329,62.129,4.939
1330,62.128,4.939
1331,62.128,4.938
1332,62.127,4.938
1333,62.127,4.937
1334,62.126,4.937
1335,62.126,4.936
1336,62.126,4.936
1337,62.125,4.935
1338,62.125,4.934
1339,62.124,4.934
1340,62.124,4.933
1341,62.123,4.933
1342,62.123,4.932
1343,62.122,4.932
1344,62.122,4.931
1345,62.122,4.93
1346,62.121,4.93
1347,62.12,4.929
1348,62.12,4.928
1349,62.12,4.928
1350,62.119,4.927
1351,62.118,4.927
1352,62.118,4.926
1353,62.118,4.925
1354,62.117,4.925
1355,62.116,4.924
1356,62.116,4.924
1357,62.116,4.923
1358,62.115,4.922
1359,62.114,4.922
1360,62.114,4.921
1361,62.114,4.92
1362,62.113,4.92
1363,62.113,4.919
1364,62.112,4.919
1365,62.112,4.918
1366,62.111,4.918
1367,62.111,4.917
1368,62.11,4.916
1369,62.11,4.916
1370,62.11,4.915
1371,62.109,4.915
1372,62.109,4.914
1373,62.108,4.914
1374,62.108,4.913
1375,62.107,4.913
1376,62.107,4.912
1377,62.106,4.911
1378,62.106,4.911
1379,62.106,4.91
1380,62.105,4.91
1381,62.104,4.909
1382,62.104,4.909
1383,62.104,4.908
1384,62.103,4.908
1385,62.102,4.907
1386,62.102,4.906
1387,62.101,4.906
1388,62.101,4.905
1389,62.1,4.905
1390,62.1,4.904
1391,62.1,4.904
1392,62.099,4.903
1393,62.099,4.902
1394,62.098,4.902
1395,62.098,4.901
1396,62.097,4.9
1397,62.097,4.9
1398,62.096,4.899
1399,62.096,4.899
1400,62.096,4.898
1401,62.095,4.897
1402,62.095,4.897
1403,62.094,4.896
1404,62.094,4.896
1405,62.093,4.895
1406,62.093,4.894
1407,62.092,4.894
1408,62.092,4.893
1409,62.092,4.892
1410,62.091,4.892
1411,62.09,4.891
1412,62.09,4.891
1413,62.09,4.89
1414,62.089,4.89
1415,62.088,4.889
1416,62.088,4.889
1417,62.088,4.888
1418,62.087,4.887
1419,62.086,4.887
1420,62.086,4.886
1421,62.086,4.886
1422,62.085,4.885
1423,62.085,4.885
1424,62.084,4.884
1425,62.084,4.883
1426,62.083,4.883
1427,62.082,4.882
1428,62.082,4.882
1429,62.082,4.881
1430,62.081,4.881
1431,62.08,4.88
1432,62.08,4.88
1433,62.08,4.879
1434,62.079,4.878
1435,62.078,4.878
1436,62.078,4.877
1437,62.078,4.877
1438,62.077,4.876
1439,62.076,4.876
1440,62.076,4.875
1441,62.076,4.874
1442,62.075,4.874
1443,62.075,4.873
1444,62.074,4.873
1445,62.074,4.872
1446,62.073,4.872
1447,62.073,4.871
1448,62.073,4.87
1449,62.072,4.87
1450,62.072,4.869
1451,62.071,4.869
1452,62.071,4.868
1453,62.07,4.868
1454,62.07,4.867
1455,62.069,4.867
1456,62.069,4.866
1457,62.068,4.865
1458,62.068,4.865
1459,62.068,4.864
1460,62.067,4.864
1461,62.067,4.863
1462,62.066,4.862
1463,62.066,4.862
1464,62.065,4.861
1465,62.064,4.86
1466,62.064,4.86
1467,62.064,4.859
1468,62.063,4.858
1469,62.062,4.858
1470,62.062,4.857
1471,62.062,4.857
1472,62.061,4.856
1473,62.061,4.855
1474,62.06,4.855
1475,62.06,4.854
1476,62.059,4.854
1477,62.059,4.853
1478,62.058,4.853
1479,62.058,4.852
1480,62.058,4.852
1481,62.057,4.851
1482,62.057,4.85
1483,62.056,4.85
1484,62.056,4.849
1485,62.055,4.849
1486,62.055,4.848
1487,62.054,4.848
1488,62.054,4.847
1489,62.054,4.846
1490,62.053,4.846
1491,62.052,4.845
1492,62.052,4.845
1493,62.052,4.844
1494,62.051,4.844
1495,62.05,4.843
1496,62.05,4.842
1497,62.05,4.842
1498,62.049,4.841
1499,62.048,4.841
1500,62.048,4.84
1501,62.048,4.84
1502,62.047,4.839
1503,62.046,4.839
1504,62.046,4.838
1505,62.046,4.837
1506,62.045,4.837
1507,62.045,4.836
1508,62.044,4.836
1509,62.044,4.835
1510,62.043,4.834
1511,62.043,4.834
1512,62.043,4.833
1513,62.042,4.832
1514,62.042,4.832
1515,62.041,4.831
1516,62.041,4.831
1517,62.04,4.83
1518,62.04,4.829
1519,62.039,4.829
1520,62.039,4.828
1521,62.038,4.827
1522,62.038,4.827
1523,62.038,4.826
1524,62.037,4.826
1525,62.037,4.825
1526,62.036,4.825
1527,62.036,4.824
1528,62.035,4.824
1529,62.034,4.823
1530,62.034,4.822
1531,62.034,4.822
1532,62.033,4.821
1533,62.032,4.821
1534,62.032,4.82
1535,62.032,4.82
1536,62.031,4.819
1537,62.031,4.819
1538,62.03,4.818
1539,62.03,4.818
1540,62.029,4.818
1541,62.029,4.817
1542,62.028,4.817
1543,62.028,4.816
1544,62.028,4.816
1545,62.027,4.816
1546,62.027,4.815
1547,62.026,4.815
1548,62.026,4.814
1549,62.025,4.814
1550,62.025,4.814
1551,62.024,4.813
1552,62.024,4.813
1553,62.024,4.813
1554,62.023,4.812
1555,62.022,4.812
1556,62.022,4.812
1557,62.022,4.811
1558,62.021,4.811
1559,62.02,4.81
1560,62.02,4.81
1561,62.02,4.81
1562,62.019,4.809
1563,62.018,4.809
1564,62.018,4.808
1565,62.018,4.808
1566,62.017,4.808
1567,62.016,4.807
1568,62.016,4.807
1569,62.015,4.807
1570,62.015,4.806
1571,62.014,4.806
1572,62.014,4.806
1573,62.014,4.805
1574,62.013,4.805
1575,62.012,4.804
1576,62.012,4.804
1577,62.012,4.804
1578,62.011,4.803
1579,62.01,4.803
1580,62.01,4.802
1581,62.01,4.802
1582,62.009,4.802
1583,62.009,4.801
1584,62.008,4.801
1585,62.008,4.801
1586,62.007,4.8
1587,62.007,4.8
1588,62.006,4.8
1589,62.006,4.799
1590,62.005,4.799
1591,62.005,4.798
1592,62.004,4.798
1593,62.004,4.798
1594,62.004,4.797
1595,62.003,4.797
1596,62.003,4.796
1597,62.002,4.796
1598,62.002,4.796
1599,62.001,4.795
1600,62.001,4.795
1601,62.001,4.795
1602,62.0,4.794
1603,62.0,4.794
1604,61.999,4.794
1605,61.999,4.793
1606,61.998,4.793
1607,61.998,4.792
1608,61.998,4.792
1609,61.997,4.792
1610,61.997,4.791
1611,61.996,4.791
1612,61.996,4.79
1613,61.995,4.79
1614,61.995,4.79
1615,61.994,4.789
1616,61.994,4.789
1617,61.994,4.789
1618,61.993,4.788
1619,61.992,4.788
1620,61.992,4.788
1621,61.992,4.787
1622,61.991,4.787
1623,61.99,4.786
1624,61.99,4.786
1625,61.99,4.786
1626,61.989,4.785
1627,61.988,4.785
1628,61.988,4.784
1629,61.988,4.784
1630,61.987,4.784
1631,61.986,4.783
1632,61.986,4.783
1633,61.985,4.783
1634,61.985,4.782
1635,61.984,4.782
1636,61.984,4.782
1637,61.984,4.781
1638,61.983,4.781
1639,61.982,4.78
1640,61.982,4.78
1641,61.982,4.78
1642,61.981,4.779
1643,61.98,4.779
1644,61.98,4.778
1645,61.98,4.778
1646,61.979,4.778
1647,61.979,4.777
1648,61.978,4.777
1649,61.978,4.777
1650,61.977,4.776
1651,61.977,4.776
1652,61.976,4.775
1653,61.976,4.775
1654,61.975,4.774
1655,61.975,4.774
1656,61.974,4.774
1657,61.974,4.773
1658,61.974,4.773
1659,61.973,4.772
1660,61.973,4.772
1661,61.972,4.771
1662,61.972,4.771
1663,61.971,4.77
1664,61.971,4.77
1665,61.971,4.77
1666,61.97,4.769
1667,61.97,4.769
1668,61.969,4.768
1669,61.969,4.768
1670,61.968,4.768
1671,61.968,4.767
1672,61.968,4.767
1673,61.967,4.767
1674,61.967,4.766
1675,61.966,4.766
1676,61.966,4.766
1677,61.965,4.765
1678,61.965,4.765
1679,61.964,4.764
1680,61.964,4.764
1681,61.963,4.764
1682,61.963,4.763
1683,61.962,4.763
1684,61.962,4.762
1685,61.962,4.762
1686,61.961,4.762
1687,61.96,4.761
1688,61.96,4.761
1689,61.96,4.761
1690,61.959,4.76
1691,61.958,4.76
1692,61.958,4.76
1693,61.958,4.759
1694,61.957,4.759
1695,61.957,4.758
1696,61.956,4.758
1697,61.956,4.758
1698,61.955,4.757
1699,61.954,4.757
1700,61.954,4.756
1701,61.954,4.756
1702,61.953,4.756
1703,61.952,4.755
1704,61.952,4.755
1705,61.952,4.755
1706,61.951,4.754
1707,61.95,4.754
1708,61.95,4.754
1709,61.95,4.753
1710,61.949,4.753
1711,61.948,4.752
1712,61.948,4.752
1713,61.948,4.752
1714,61.947,4.751
1715,61.947,4.751
1716,61.946,4.75
1717,61.946,4.75
1718,61.945,4.75
1719,61.945,4.749
1720,61.945,4.749
1721,61.944,4.749
1722,61.944,4.748
1723,61.943,4.748
1724,61.943,4.748
1725,61.942,4.747
1726,61.942,4.747
1727,61.941,4.746
1728,61.941,4.746
1729,61.941,4.746
1730,61.94,4.745
1731,61.94,4.745
1732,61.939,4.744
1733,61.939,4.744
1734,61.938,4.744
1735,61.938,4.743
1736,61.938,4.743
1737,61.937,4.743
1738,61.937,4.742
1739,61.936,4.742
1740,61.936,4.742
1741,61.935,4.741
1742,61.935,4.741
1743,61.934,4.74
1744,61.934,4.74
1745,61.933,4.74
1746,61.933,4.739
1747,61.932,4.739
1748,61.932,4.738
1749,61.932,4.738
1750,61.931,4.738
1751,61.93,4.737
1752,61.93,4.737
1753,61.93,4.737
1754,61.929,4.736
1755,61.928,4.736
1756,61.928,4.736
1757,61.928,4.735
1758,61.927,4.735
1759,61.927,4.734
1760,61.926,4.734
1761,61.926,4.734
1762,61.925,4.733
1763,61.924,4.733
1764,61.924,4.732
1765,61.924,4.732
1766,61.923,4.732
1767,61.922,4.731
1768,61.922,4.731
1769,61.922,4.731
1770,61.921,4.73
1771,61.92,4.73
1772,61.92,4.73
1773,61.92,4.729
1774,61.919,4.729
1775,61.918,4.728
1776,61.918,4.728
1777,61.918,4.728
1778,61.917,4.727
1779,61.917,4.727
1780,61.916,4.726
1781,61.916,4.726
1782,61.915,4.726
1783,61.915,4.725
1784,61.915,4.725
1785,61.914,4.725
1786,61.914,4.724
1787,61.913,4.724
1788,61.913,4.724
1789,61.912,4.723
1790,61.912,4.723
1791,61.911,4.722
1792,61.911,4.722
1793,61.91,4.722
1794,61.91,4.722
1795,61.91,4.721
1796,61.909,4.721
1797,61.908,4.721
1798,61.908,4.72
1799,61.908,4.72
1800,61.907,4.72
1801,61.906,4.72
1802,61.906,4.72
1803,61.906,4.719
1804,61.905,4.719
1805,61.904,4.719
1806,61.904,4.718
1807,61.904,4.718
1808,61.903,4.718
1809,61.902,4.718
1810,61.902,4.718
1811,61.901,4.717
1812,61.901,4.717
1813,61.9,4.717
1814,61.9,4.716
1815,61.899,4.716
1816,61.898,4.716
1817,61.898,4.716
1818,61.897,4.716
1819,61.897,4.715
1820,61.896,4.715
1821,61.896,4.715
1822,61.895,4.714
1823,61.895,4.714
1824,61.894,4.714
1825,61.893,4.714
1826,61.893,4.714
1827,61.892,4.713
1828,61.892,4.713
1829,61.892,4.713
1830,61.891,4.712
1831,61.89,4.712
1832,61.89,4.712
1833,61.89,4.712
1834,61.889,4.712
1835,61.888,4.711
1836,61.888,4.711
1837,61.888,4.711
1838,61.887,4.71
1839,61.887,4.71
1840,61.886,4.71
1841,61.886,4.71
1842,61.885,4.71
1843,61.884,4.709
1844,61.884,4.709
1845,61.884,4.709
1846,61.883,4.708
1847,61.882,4.708
1848,61.882,4.708
1849,61.882,4.708
1850,61.881,4.708
1851,61.88,4.707
1852,61.88,4.707
1853,61.88,4.707
1854,61.879,4.706
1855,61.878,4.706
1856,61.878,4.706
1857,61.877,4.706
1858,61.877,4.706
1859,61.876,4.705
1860,61.876,4.705
1861,61.875,4.705
1862,61.875,4.705
1863,61.874,4.705
1864,61.874,4.704
1865,61.873,4.704
1866,61.872,4.704
1867,61.872,4.704
1868,61.871,4.704
1869,61.871,4.704
1870,61.87,4.703
1871,61.87,4.703
1872,61.869,4.703
1873,61.868,4.703
1874,61.868,4.703
1875,61.868,4.702
1876,61.867,4.702
1877,61.866,4.702
1878,61.866,4.702
1879,61.866,4.701
1880,61.865,4.701
1881,61.864,4.701
1882,61.864,4.7
1883,61.863,4.7
1884,61.863,4.7
1885,61.862,4.7
1886,61.862,4.7
1887,61.862,4.699
1888,61.861,4.699
1889,61.86,4.699
1890,61.86,4.698
1891,61.859,4.698
1892,61.859,4.698
1893,61.858,4.698
1894,61.858,4.698
1895,61.857,4.697
1896,61.856,4.697
1897,61.856,4.697
1898,61.855,4.696
1899,61.855,4.696
1900,61.854,4.696
1901,61.854,4.696
1902,61.853,4.696
1903,61.853,4.695
1904,61.852,4.695
1905,61.851,4.695
1906,61.851,4.695
1907,61.85,4.694
1908,61.85,4.694
1909,61.85,4.694
1910,61.849,4.694
1911,61.848,4.693
1912,61.848,4.693
1913,61.848,4.693
1914,61.847,4.692
1915,61.846,4.692
1916,61.846,4.692
1917,61.846,4.692
1918,61.845,4.692
1919,61.844,4.691
1920,61.844,4.691
1921,61.844,4.691
1922,61.843,4.69
1923,61.842,4.69
1924,61.842,4.69
1925,61.842,4.69
1926,61.841,4.69
1927,61.84,4.689
1928,61.84,4.689
1929,61.84,4.689
1930,61.839,4.688
1931,61.838,4.688
1932,61.838,4.688
1933,61.838,4.688
1934,61.837,4.688
1935,61.836,4.687
1936,61.836,4.687
1937,61.835,4.687
1938,61.835,4.687
1939,61.834,4.686
1940,61.834,4.686
1941,61.833,4.686
1942,61.833,4.686
1943,61.832,4.685
1944,61.832,4.685
1945,61.831,4.685
1946,61.83,4.684
1947,61.83,4.684
1948,61.829,4.684
1949,61.829,4.684
1950,61.828,4.684
1951,61.828,4.683
1952,61.827,4.683
1953,61.826,4.683
1954,61.826,4.682
1955,61.826,4.682
1956,61.825,4.682
1957,61.824,4.682
1958,61.824,4.682
1959,61.824,4.681
1960,61.823,4.681
1961,61.822,4.681
1962,61.822,4.68
1963,61.822,4.68
1964,61.821,4.68
1965,61.82,4.68
1966,61.82,4.68
1967,61.82,4.679
1968,61.819,4.679
1969,61.818,4.679
1970,61.818,4.679
1971,61.818,4.678
1972,61.817,4.678
1973,61.817,4.678
1974,61.816,4.678
1975,61.816,4.678
1976,61.815,4.678
1977,61.814,4.677
1978,61.814,4.677
1979,61.814,4.677
1980,61.813,4.677
1981,61.812,4.677
1982,61.812,4.676
1983,61.812,4.676
1984,61.811,4.676
1985,61.81,4.676
1986,61.81,4.676
1987,61.809,4.675
1988,61.809,4.675
1989,61.808,4.675
1990,61.808,4.674
1991,61.807,4.674
1992,61.806,4.674
1993,61.806,4.674
1994,61.805,4.674
1995,61.805,4.673
1996,61.804,4.673
1997,61.804,4.673
1998,61.803,4.672
1999,61.803,4.672
2000,61.802,4.672
2001,61.802,4.672
2002,61.801,4.672
2003,61.8,4.671
2004,61.8,4.671
2005,61.8,4.671
2006,61.799,4.67
2007,61.798,4.67
2008,61.798,4.67
2009,61.798,4.67
2010,61.797,4.67
2011,61.796,4.669
2012,61.796,4.669
2013,61.796,4.669
2014,61.795,4.668
2015,61.794,4.668
2016,61.794,4.668
2017,61.793,4.668
2018,61.793,4.668
2019,61.792,4.667
2020,61.792,4.667
2021,61.791,4.667
2022,61.791,4.666
2023,61.79,4.666
2024,61.79,4.666
2025,61.789,4.666
2026,61.788,4.666
2027,61.788,4.665
2028,61.787,4.665
2029,61.787,4.665
2030,61.786,4.664
2031,61.786,4.664
2032,61.785,4.664
2033,61.784,4.664
2034,61.784,4.664
2035,61.784,4.663
2036,61.783,4.663
2037,61.782,4.663
2038,61.782,4.662
2039,61.782,4.662
2040,61.781,4.662
2041,61.78,4.662
2042,61.78,4.662
2043,61.78,4.661
2044,61.779,4.661
2045,61.778,4.661
2046,61.778,4.66
2047,61.778,4.66
2048,61.777,4.66
2049,61.777,4.661
2050,61.776,4.661
2051,61.776,4.662
2052,61.775,4.662
2053,61.775,4.663
2054,61.774,4.664
2055,61.774,4.664
2056,61.774,4.665
2057,61.773,4.666
2058,61.773,4.666
2059,61.772,4.667
2060,61.772,4.668
2061,61.771,4.668
2062,61.771,4.669
2063,61.77,4.669
2064,61.77,4.67
2065,61.77,4.671
2066,61.769,4.671
2067,61.769,4.672
2068,61.768,4.672
2069,61.768,4.673
2070,61.767,4.674
2071,61.767,4.674
2072,61.766,4.675
2073,61.766,4.676
2074,61.766,4.676
2075,61.765,4.677
2076,61.765,4.678
2077,61.764,4.678
2078,61.764,4.679
2079,61.763,4.679
2080,61.763,4.68
2081,61.763,4.681
2082,61.762,4.681
2083,61.762,4.682
2084,61.761,4.682
2085,61.761,4.683
2086,61.76,4.684
2087,61.76,4.684
2088,61.76,4.685
2089,61.759,4.686
2090,61.759,4.686
2091,61.758,4.687
2092,61.758,4.688
2093,61.757,4.688
2094,61.757,4.689
2095,61.756,4.689
2096,61.756,4.69
2097,61.756,4.691
2098,61.755,4.691
2099,61.755,4.692
2100,61.754,4.693
2101,61.754,4.693
2102,61.753,4.694
2103,61.753,4.694
2104,61.752,4.695
2105,61.752,4.696
2106,61.752,4.696
2107,61.751,4.697
2108,61.751,4.698
2109,61.75,4.698
2110,61.75,4.699
2111,61.749,4.699
2112,61.749,4.7
2113,61.749,4.701
2114,61.748,4.701
2115,61.748,4.702
2116,61.747,4.703
2117,61.747,4.703
2118,61.746,4.704
2119,61.746,4.704
2120,61.746,4.705
2121,61.745,4.706
2122,61.745,4.706
2123,61.744,4.707
2124,61.744,4.708
2125,61.743,4.708
2126,61.743,4.709
2127,61.742,4.709
2128,61.742,4.71
2129,61.742,4.711
2130,61.741,4.711
2131,61.741,4.712
2132,61.74,4.712
2133,61.74,4.713
2134,61.739,4.714
2135,61.739,4.714
2136,61.738,4.715
2137,61.738,4.716
2138,61.738,4.716
2139,61.737,4.717
2140,61.737,4.717
2141,61.736,4.718
2142,61.736,4.719
2143,61.735,4.719
2144,61.735,4.72
2145,61.735,4.721
2146,61.734,4.721
2147,61.734,4.722
2148,61.733,4.722
2149,61.733,4.723
2150,61.732,4.724
2151,61.732,4.724
2152,61.732,4.725
2153,61.731,4.726
2154,61.731,4.726
2155,61.73,4.727
2156,61.73,4.728
2157,61.729,4.728
2158,61.729,4.729
2159,61.728,4.729
2160,61.728,4.73
2161,61.728,4.731
2162,61.727,4.731
2163,61.727,4.732
2164,61.726,4.732
2165,61.726,4.733
2166,61.725,4.734
2167,61.725,4.734
2168,61.724,4.735
2169,61.724,4.736
2170,61.724,4.736
2171,61.723,4.737
2172,61.723,4.738
2173,61.722,4.738
2174,61.722,4.739
2175,61.721,4.739
2176,61.721,4.74
2177,61.721,4.741
2178,61.72,4.741
2179,61.72,4.742
2180,61.719,4.742
2181,61.719,4.743
2182,61.718,4.743
2183,61.718,4.744
2184,61.718,4.744
2185,61.717,4.745
2186,61.717,4.746
2187,61.716,4.746
2188,61.716,4.747
2189,61.715,4.747
2190,61.715,4.748
2191,61.714,4.748
2192,61.714,4.749
2193,61.714,4.75
2194,61.713,4.75
2195,61.713,4.751
2196,61.712,4.752
2197,61.712,4.752
2198,61.711,4.753
2199,61.711,4.753
2200,61.71,4.754
2201,61.71,4.755
2202,61.71,4.755
2203,61.709,4.756
2204,61.709,4.756
2205,61.708,4.757
2206,61.708,4.758
2207,61.707,4.758
2208,61.707,4.759
2209,61.707,4.76
2210,61.706,4.76
2211,61.706,4.761
2212,61.705,4.762
2213,61.705,4.762
2214,61.704,4.763
2215,61.704,4.763
2216,61.704,4.764
2217,61.703,4.765
2218,61.703,4.765
2219,61.702,4.766
2220,61.702,4.767
2221,61.701,4.767
2222,61.701,4.768
2223,61.7,4.768
2224,61.7,4.769
2225,61.7,4.77
2226,61.699,4.77
2227,61.699,4.771
2228,61.698,4.772
2229,61.698,4.772
2230,61.697,4.773
2231,61.697,4.773
2232,61.696,4.774
2233,61.696,4.775
2234,61.696,4.775
2235,61.695,4.776
2236,61.695,4.776
2237,61.694,4.777
2238,61.694,4.778
2239,61.693,4.778
2240,61.693,4.779
2241,61.693,4.78
2242,61.692,4.78
2243,61.692,4.781
2244,61.691,4.781
2245,61.691,4.782
2246,61.69,4.783
2247,61.69,4.783
2248,61.689,4.784
2249,61.689,4.785
2250,61.689,4.785
2251,61.688,4.786
2252,61.688,4.786
2253,61.687,4.787
2254,61.687,4.788
2255,61.686,4.788
2256,61.686,4.789
2257,61.686,4.79
2258,61.685,4.79
2259,61.685,4.791
2260,61.684,4.792
2261,61.684,4.792
2262,61.683,4.793
2263,61.683,4.793
2264,61.683,4.794
2265,61.682,4.795
2266,61.682,4.795
2267,61.681,4.796
2268,61.681,4.796
2269,61.68,4.797
2270,61.68,4.798
2271,61.679,4.798
2272,61.679,4.799
2273,61.679,4.8
2274,61.678,4.8
2275,61.678,4.801
2276,61.677,4.802
2277,61.677,4.802
2278,61.676,4.803
2279,61.676,4.803
2280,61.676,4.804
2281,61.675,4.805
2282,61.675,4.805
2283,61.674,4.806
2284,61.674,4.806
2285,61.673,4.807
2286,61.673,4.808
2287,61.672,4.808
2288,61.672,4.809
2289,61.672,4.81
2290,61.671,4.81
2291,61.671,4.811
2292,61.67,4.812
2293,61.67,4.812
2294,61.669,4.813
2295,61.669,4.813
2296,61.668,4.814
2297,61.668,4.815
2298,61.668,4.815
2299,61.667,4.816
2300,61.667,4.816
2301,61.666,4.817
2302,61.666,4.818
2303,61.665,4.818
2304,61.665,4.819
2305,61.665,4.82
2306,61.664,4.82
2307,61.664,4.821
2308,61.664,4.822
2309,61.663,4.823
2310,61.663,4.824
2311,61.662,4.824
2312,61.662,4.825
2313,61.662,4.826
2314,61.661,4.826
2315,61.661,4.827
2316,61.66,4.828
2317,61.66,4.829
2318,61.66,4.83
2319,61.659,4.83
2320,61.659,4.831
2321,61.659,4.832
2322,61.658,4.832
2323,61.658,4.833
2324,61.658,4.834
2325,61.657,4.834
2326,61.657,4.835
2327,61.656,4.836
2328,61.656,4.836
2329,61.656,4.837
2330,61.655,4.838
2331,61.655,4.839
2332,61.654,4.839
2333,61.654,4.84
2334,61.654,4.841
2335,61.653,4.841
2336,61.653,4.842
2337,61.653,4.843
2338,61.652,4.844
2339,61.652,4.844
2340,61.652,4.845
2341,61.651,4.846
2342,61.651,4.846
2343,61.65,4.847
2344,61.65,4.848
2345,61.65,4.849
2346,61.649,4.85
2347,61.649,4.85
2348,61.648,4.851
2349,61.648,4.852
2350,61.648,4.852
2351,61.647,4.853
2352,61.647,4.854
2353,61.647,4.855
2354,61.646,4.856
2355,61.646,4.856
2356,61.645,4.857
2357,61.645,4.858
2358,61.644,4.858
2359,61.644,4.859
2360,61.644,4.86
2361,61.643,4.861
2362,61.643,4.861
2363,61.642,4.862
2364,61.642,4.863
2365,61.641,4.864
2366,61.641,4.864
2367,61.64,4.865
2368,61.64,4.866
2369,61.64,4.867
2370,61.639,4.868
2371,61.639,4.868
2372,61.638,4.869
2373,61.638,4.87
2374,61.638,4.87
2375,61.637,4.871
2376,61.637,4.872
2377,61.637,4.873
2378,61.636,4.874
2379,61.636,4.874
2380,61.636,4.875
2381,61.635,4.876
2382,61.635,4.876
2383,61.634,4.877
2384,61.634,4.878
2385,61.634,4.879
2386,61.633,4.88
2387,61.633,4.88
2388,61.632,4.881
2389,61.632,4.882
2390,61.632,4.882
2391,61.631,4.883
2392,61.631,4.884
2393,61.631,4.885
2394,61.63,4.885
2395,61.63,4.886
2396,61.63,4.887
2397,61.629,4.888
2398,61.629,4.888
2399,61.628,4.889
2400,61.628,4.89
2401,61.628,4.891
2402,61.627,4.891
2403,61.627,4.892
2404,61.626,4.893
2405,61.626,4.893
2406,61.626,4.894
2407,61.625,4.895
2408,61.625,4.896
2409,61.625,4.896
2410,61.624,4.897
2411,61.624,4.898
2412,61.624,4.898
2413,61.623,4.899
2414,61.623,4.9
2415,61.622,4.9
2416,61.622,4.901
2417,61.622,4.902
2418,61.621,4.902
2419,61.621,4.903
2420,61.62,4.904
2421,61.62,4.905
2422,61.62,4.906
2423,61.619,4.906
2424,61.619,4.907
2425,61.619,4.908
2426,61.618,4.908
2427,61.618,4.909
2428,61.618,4.91
2429,61.617,4.911
2430,61.617,4.912
2431,61.616,4.912
2432,61.616,4.913
2433,61.616,4.914
2434,61.615,4.914
2435,61.615,4.915
2436,61.614,4.916
2437,61.614,4.917
2438,61.614,4.918
2439,61.613,4.918
2440,61.613,4.919
2441,61.613,4.92
2442,61.612,4.92
2443,61.612,4.921
2444,61.612,4.922
2445,61.611,4.923
2446,61.611,4.924
2447,61.61,4.924
2448,61.61,4.925
2449,61.61,4.926
2450,61.609,4.926
2451,61.609,4.927
2452,61.608,4.928
2453,61.608,4.928
2454,61.608,4.929
2455,61.607,4.93
2456,61.607,4.93
2457,61.607,4.931
2458,61.606,4.932
2459,61.606,4.933
2460,61.606,4.933
2461,61.605,4.934
2462,61.605,4.935
2463,61.604,4.935
2464,61.604,4.936
2465,61.604,4.937
2466,61.603,4.938
2467,61.603,4.938
2468,61.602,4.939
2469,61.602,4.94
2470,61.602,4.94
2471,61.601,4.941
2472,61.601,4.942
2473,61.601,4.943
2474,61.6,4.944
2475,61.6,4.944
2476,61.6,4.945
2477,61.599,4.946
2478,61.599,4.946
2479,61.598,4.947
2480,61.598,4.948
2481,61.598,4.949
2482,61.597,4.95
2483,61.597,4.95
2484,61.596,4.951
2485,61.596,4.952
2486,61.596,4.953
2487,61.595,4.953
2488,61.595,4.954
2489,61.595,4.955
2490,61.594,4.956
2491,61.594,4.956
2492,61.594,4.957
2493,61.593,4.958
2494,61.593,4.958
2495,61.592,4.959
2496,61.592,4.96
2497,61.592,4.961
2498,61.591,4.962
2499,61.591,4.962
2500,61.59,4.963
2501,61.59,4.964
2502,61.589,4.964
2503,61.589,4.965
2504,61.588,4.966
2505,61.588,4.967
2506,61.588,4.968
2507,61.587,4.968
2508,61.587,4.969
2509,61.586,4.97
2510,61.586,4.97
2511,61.585,4.971
2512,61.585,4.972
2513,61.585,4.973
2514,61.584,4.973
2515,61.584,4.974
2516,61.584,4.975
2517,61.583,4.975
2518,61.583,4.976
2519,61.582,4.977
2520,61.582,4.978
2521,61.582,4.978
2522,61.581,4.979
2523,61.581,4.98
2524,61.58,4.98
2525,61.58,4.981
2526,61.58,4.982
2527,61.579,4.982
2528,61.579,4.983
2529,61.579,4.984
2530,61.578,4.984
2531,61.578,4.985
2532,61.578,4.986
2533,61.577,4.987
2534,61.577,4.988
2535,61.576,4.988
2536,61.576,4.989
2537,61.576,4.99
2538,61.575,4.99
2539,61.575,4.991
2540,61.574,4.992
2541,61.574,4.993
2542,61.574,4.994
2543,61.573,4.994
2544,61.573,4.995
2545,61.573,4.996
2546,61.572,4.996
2547,61.572,4.997
2548,61.572,4.998
2549,61.571,4.999
2550,61.571,5.0
2551,61.57,5.0
2552,61.57,5.001
2553,61.57,5.002
2554,61.569,5.002
2555,61.569,5.003
2556,61.568,5.004
2557,61.568,5.005
2558,61.568,5.006
2559,61.567,5.006
2560,61.567,5.007
