,0,1
0,60.791,5.075
1,60.791,5.073
2,60.918,4.71
3,60.919,4.71
4,60.921,4.706
5,59.114,5.488
6,61.399,4.989
7,63.25,8.062
8,63.252,8.066
9,63.873,9.375
10,63.875,9.377
11,64.064,9.594
12,64.113,9.646
13,64.115,9.648
14,64.219,9.778
15,64.407,10.161
16,64.409,10.165
17,64.411,10.168
18,65.076,11.774
19,65.242,11.917
20,65.807,12.341
21,65.811,12.344
22,65.831,12.357
23,65.863,12.367
24,65.925,12.393
25,66.025,12.667
26,66.026,12.672
27,66.026,12.671
28,66.026,12.672
29,66.026,12.671
30,66.026,12.672
31,66.026,12.671
32,66.026,12.672
33,66.026,12.608
34,65.819,12.347
35,65.818,12.346
36,65.687,12.25
37,65.449,11.935
38,65.446,11.932
39,64.631,10.576
40,64.631,10.575
41,63.1,7.682
42,63.058,7.671
43,63.093,7.72
44,63.092,7.484
45,62.088,5.111
46,61.734,4.969
47,60.388,5.161
48,62.476,6.098
49,62.567,6.196
50,62.686,6.452
51,62.8,6.614
52,63.04,7.229
53,63.04,7.232
54,63.104,7.773
55,63.036,7.204
56,62.59,6.252
57,61.577,4.955
58,60.171,5.242
59,60.679,4.845
60,58.924,5.596
61,59.012,5.549
62,60.745,4.785
63,60.803,5.06
64,62.128,5.063
65,62.695,6.46
66,62.94,6.808
67,62.941,6.809
68,63.28,8.192
69,63.375,8.442
70,63.7,9.266
71,63.704,9.267
72,64.07,9.586
73,64.072,9.588
74,64.168,9.709
75,64.169,9.71
76,64.261,9.83
77,64.267,9.842
78,64.461,10.281
79,64.534,10.469
80,64.645,10.722
81,64.647,10.727
82,64.971,11.574
83,65.042,11.722
84,65.12,11.816
85,65.228,11.912
86,65.337,12.028
87,65.469,11.962
88,65.852,12.366
89,65.887,12.366
90,65.891,12.367
91,65.926,12.393
92,65.929,12.398
93,66.025,12.664
94,65.943,12.413
95,65.942,12.411
96,65.65,12.217
97,65.456,11.944
98,65.317,12.002
99,65.176,11.849
100,65.138,11.826
101,65.117,11.814
102,63.626,9.275
103,63.625,9.275
104,63.508,9.116
105,63.375,8.411
106,63.211,7.885
107,63.211,7.884
108,63.21,7.883
109,63.209,7.878
110,62.982,6.904
111,62.757,6.551
112,62.098,5.1
113,63.119,7.573
114,63.052,7.288
115,62.861,6.692
116,62.765,6.564
117,62.764,6.563
118,62.217,5.144
119,62.171,5.06
120,61.62,4.994
121,59.0,5.666
122,60.578,4.912
123,60.791,5.073
124,60.843,4.776
125,60.843,4.775
126,60.44,5.032
127,60.399,5.138
128,61.67,4.965
129,58.928,5.588
130,58.973,5.754
131,59.086,5.543
132,59.124,5.459
133,59.206,5.352
134,59.776,5.559
135,60.412,5.018
136,60.993,4.79
137,62.645,6.393
138,62.658,6.414
139,63.104,7.773
140,63.121,7.772
141,63.121,7.773
142,61.708,4.96
143,61.624,5.005
144,61.292,4.956
145,60.56,4.924
146,60.894,4.766
147,61.593,4.95
148,60.398,5.139
149,61.255,4.92
150,61.61,5.071
151,62.474,6.069
152,62.524,6.153
153,62.951,6.831
154,62.991,6.948
155,63.053,7.283
156,63.104,7.773
157,63.104,7.783
158,63.126,7.681
159,63.213,7.916
160,63.306,8.253
161,63.428,8.699
162,63.508,9.124
163,63.634,9.264
164,63.636,9.264
165,63.7,9.269
166,63.706,9.271
167,63.855,9.357
168,63.856,9.359
169,63.913,9.423
170,64.058,9.578
171,64.15,9.689
172,64.15,9.69
173,64.152,9.692
174,64.242,9.798
175,64.3,9.924
176,64.415,10.187
177,64.899,11.339
178,64.993,11.603
179,64.994,11.604
180,65.118,11.812
181,65.151,11.835
182,65.198,11.874
183,65.238,11.923
184,65.262,11.948
185,65.266,11.952
186,65.347,12.043
187,65.348,12.044
188,65.397,11.972
189,65.415,11.956
190,65.468,11.959
191,65.56,12.085
192,65.69,12.255
193,65.728,12.287
194,65.73,12.289
195,65.732,12.29
196,65.927,12.392
197,65.943,12.417
198,65.944,12.418
199,66.017,12.571
200,66.021,12.581
201,65.924,12.388
202,65.876,12.365
203,65.538,12.046
204,65.381,11.982
205,65.282,11.968
206,65.23,11.91
207,65.203,11.88
208,65.202,11.879
209,65.091,11.784
210,65.003,11.623
211,64.952,11.498
212,64.947,11.479
213,64.902,11.345
214,64.609,10.611
215,64.606,10.602
216,64.221,10.213
217,64.221,10.212
218,64.185,10.155
219,64.184,10.153
220,64.148,10.111
221,64.124,10.058
222,64.08,9.918
223,63.995,9.569
224,63.943,9.468
225,63.942,9.466
226,63.94,9.464
227,63.939,9.464
228,63.936,9.46
229,63.462,8.88
230,63.437,8.735
231,63.386,8.47
232,63.382,8.454
233,63.376,8.428
234,63.375,8.426
235,63.355,8.348
236,63.229,7.962
237,63.168,7.745
238,63.104,7.773
239,63.011,7.069
240,62.982,6.901
241,62.793,6.595
242,62.628,6.346
243,62.19,5.559
244,62.175,5.382
245,62.177,5.344
246,62.178,5.342
247,62.179,5.34
248,62.221,5.162
249,61.99,5.16
250,60.845,4.834
251,58.947,5.549
252,60.412,5.018
253,60.449,5.019
254,60.863,4.774
255,60.867,4.775
256,61.212,4.976
257,61.289,4.956
258,61.56,4.991
259,62.22,5.155
260,62.631,6.357
261,62.645,6.392
262,62.879,6.72
263,62.88,6.721
264,62.946,6.828
265,62.947,6.828
266,62.95,6.834
267,62.958,6.846
268,62.96,6.85
269,62.964,6.857
270,63.013,7.09
271,62.777,6.574
272,62.637,6.378
273,62.216,5.145
274,62.214,5.135
275,62.194,5.041
276,62.193,5.039
277,62.193,5.038
278,59.39,5.285
279,60.945,4.758
280,61.244,4.913
281,61.613,5.071
282,62.351,5.243
283,62.647,5.786
284,62.788,6.081
285,62.839,6.21
286,62.897,6.417
287,63.001,6.949
288,63.02,7.104
289,63.025,7.151
290,63.097,7.737
291,63.096,7.722
292,63.13,7.61
293,63.072,7.411
294,63.02,7.117
295,62.95,6.626
296,62.012,4.786
297,61.61,5.069
298,61.017,4.856
299,60.909,4.762
300,60.847,4.874
301,60.847,4.871
302,60.847,4.856
303,60.474,4.998
304,60.414,5.008
305,58.925,5.594
306,59.461,5.222
307,59.469,5.219
308,60.101,5.309
309,60.638,4.874
310,61.33,5.054
311,61.519,5.006
312,60.844,4.935
313,60.798,5.128
314,59.859,5.541
315,58.924,5.596
316,60.733,4.804
317,60.858,4.778
318,61.229,4.941
319,61.459,4.983
320,61.571,4.969
321,61.645,4.981
322,62.599,6.14
323,62.707,6.481
324,62.748,6.542
325,63.103,7.771
326,63.104,7.773
327,63.104,7.783
328,63.068,7.381
329,63.068,7.38
330,63.023,7.138
331,63.009,7.034
332,62.813,6.622
333,62.577,6.219
334,62.044,5.141
335,61.539,5.005
336,60.42,5.025
337,60.402,5.124
338,60.053,5.32
339,61.344,5.041
340,60.703,4.826
341,60.727,4.808
342,60.732,4.804
343,60.776,4.771
344,61.439,4.976
345,63.003,7.028
346,63.023,7.152
347,63.104,7.783
348,63.104,7.773
349,63.053,7.288
350,62.783,6.588
351,59.08,5.524
352,61.326,4.802
353,60.88,4.774
354,60.876,4.775
355,60.83,4.742
356,60.519,4.957
357,60.414,5.008
358,59.1,5.524
359,59.26,5.342
360,59.328,5.324
361,60.049,5.322
362,60.699,4.822
363,60.749,4.786
364,60.751,4.784
365,61.243,4.724
366,61.368,4.815
367,61.565,4.983
368,61.61,5.071
369,62.11,5.09
370,62.193,5.542
371,62.193,5.545
372,62.673,6.428
373,62.947,6.823
374,63.07,7.684
375,63.378,8.452
376,63.48,9.002
377,63.481,9.005
378,63.487,9.04
379,63.527,9.206
380,63.59,9.268
381,63.639,9.292
382,63.697,9.392
383,63.698,9.397
384,63.77,9.543
385,63.959,9.789
386,64.085,9.932
387,64.208,10.195
388,64.271,10.324
389,64.383,10.454
390,64.384,10.452
391,64.392,10.442
392,64.503,10.453
393,64.504,10.454
394,64.539,10.493
395,64.596,10.581
396,64.605,10.604
397,64.606,10.606
398,64.645,10.716
399,64.647,10.722
400,64.819,11.151
401,65.091,11.795
402,65.093,11.796
403,65.106,11.806
404,65.167,11.845
405,65.202,11.881
406,65.23,11.912
407,65.249,11.933
408,65.298,11.984
409,65.327,12.018
410,65.347,12.049
411,65.375,11.995
412,65.392,11.976
413,65.436,11.93
414,65.456,11.949
415,65.5,12.001
416,65.502,12.004
417,65.506,12.008
418,65.506,12.009
419,65.507,12.01
420,65.535,12.044
421,65.561,12.092
422,65.638,12.212
423,65.725,12.284
424,65.777,12.322
425,65.783,12.326
426,65.784,12.326
427,65.815,12.347
428,65.872,12.376
429,65.932,12.404
430,65.932,12.405
431,65.934,12.407
432,65.941,12.418
433,66.021,12.587
434,66.025,12.667
435,66.024,12.599
436,65.93,12.399
437,65.839,12.362
438,65.371,12.008
439,65.293,11.979
440,65.217,11.894
441,65.15,11.833
442,65.097,11.798
443,64.834,11.182
444,64.638,10.689
445,64.584,10.495
446,64.584,10.493
447,64.04,9.797
448,63.709,9.421
449,63.707,9.418
450,63.668,9.316
451,63.662,9.307
452,63.661,9.306
453,63.66,9.305
454,63.66,9.304
455,63.659,9.304
456,63.658,9.303
457,63.658,9.302
458,63.657,9.302
459,63.656,9.301
460,63.072,7.404
461,63.05,7.273
462,63.049,7.272
463,62.194,5.306
464,61.61,5.071
465,61.613,5.071
466,60.791,5.073
467,60.798,5.079
468,60.797,5.079
469,60.929,4.764
470,61.522,5.007
471,63.048,7.271
472,63.104,7.783
473,63.084,7.688
474,63.118,7.573
475,63.021,7.128
476,63.014,7.086
477,63.01,7.06
478,63.01,7.057
479,63.008,7.051
480,63.008,7.049
481,62.996,6.969
482,62.454,5.878
483,62.454,5.875
484,62.454,5.857
485,61.664,4.969
486,61.662,4.971
487,60.838,5.006
488,60.412,5.018
489,59.112,5.49
490,60.806,5.077
491,59.109,5.502
492,60.32,5.199
493,61.612,5.065
494,63.03,7.178
495,63.104,7.783
496,63.1,7.759
497,63.099,7.752
498,63.026,7.148
499,62.84,6.663
500,61.61,5.071
501,59.427,5.229
502,60.326,5.197
503,60.405,5.111
504,61.61,5.071
505,62.241,5.156
506,62.244,5.161
507,62.446,5.618
508,62.96,6.843
509,62.961,6.845
510,63.039,7.224
511,63.041,7.232
512,63.104,7.773
513,63.127,7.624
514,63.121,7.58
515,62.455,5.921
516,62.455,5.919
517,62.455,5.918
518,62.299,5.262
519,62.296,5.257
520,61.644,4.98
521,61.611,5.07
522,60.688,4.822
523,58.924,5.596
524,61.481,4.984
525,60.793,5.07
526,60.823,4.732
527,58.999,5.667
528,59.135,5.412
529,60.329,5.196
530,60.677,4.844
531,60.693,4.831
532,60.923,4.764
533,61.272,4.913
534,61.448,4.975
535,61.61,5.071
536,62.86,6.697
537,62.863,6.7
538,63.034,7.197
539,63.096,7.737
540,63.104,7.773
541,62.468,6.081
542,62.382,6.085
543,62.194,5.541
544,62.189,5.425
545,62.188,5.319
546,62.234,5.163
547,62.233,5.16
548,62.218,5.123
549,61.61,5.071
550,61.519,5.003
551,61.453,4.976
552,61.447,4.975
553,61.25,4.917
554,59.114,5.492
555,59.136,5.412
556,59.484,5.215
557,59.556,5.224
558,60.418,5.044
559,61.397,4.994
560,59.795,5.56
561,60.074,5.317
562,60.888,4.771
563,60.999,4.806
564,61.216,4.967
565,61.471,4.979
566,61.483,4.982
567,62.146,5.048
568,62.43,5.382
569,62.502,5.516
570,62.623,5.741
571,62.816,6.161
572,62.985,6.861
573,63.104,7.773
574,63.017,7.085
575,63.005,6.996
576,62.974,6.758
577,62.863,6.302
578,62.693,5.888
579,62.6,5.696
580,62.586,5.669
581,62.39,5.32
582,62.272,5.129
583,62.269,5.125
584,62.186,5.001
585,62.121,4.904
586,62.117,4.896
587,61.591,4.951
588,58.928,5.588
589,60.062,5.322
590,60.174,5.246
591,60.406,5.111
592,60.549,4.934
593,60.611,4.891
594,60.616,4.887
595,61.61,5.071
596,61.296,4.99
597,60.775,4.759
598,60.697,4.82
599,58.925,5.599
600,59.487,5.214
601,59.514,5.211
602,60.065,5.325
603,61.61,5.071
604,62.342,5.328
605,62.344,5.33
606,62.391,5.409
607,62.536,5.702
608,62.643,5.861
609,62.68,5.901
610,62.796,6.111
611,62.797,6.112
612,62.806,6.131
613,62.931,6.577
614,63.003,7.004
615,63.069,7.388
616,63.077,7.685
617,63.104,7.779
618,63.104,7.786
619,63.101,7.706
620,63.102,7.705
621,63.102,7.704
622,63.103,7.702
623,63.209,7.9
624,63.336,8.32
625,63.385,8.469
626,63.438,8.746
627,63.439,8.754
628,63.441,8.763
629,63.441,8.764
630,63.878,9.382
631,64.073,9.607
632,64.516,10.429
633,64.518,10.433
634,64.899,11.339
635,64.9,11.342
636,64.962,11.542
637,65.098,11.799
638,65.158,11.841
639,65.185,11.858
640,65.318,12.005
641,65.341,12.034
642,65.391,11.973
643,65.414,11.96
644,65.453,11.945
645,65.55,12.068
646,65.802,12.341
647,65.828,12.358
648,66.025,12.667
649,65.925,12.392
650,65.6,12.173
651,65.34,12.032
652,65.223,11.904
653,65.076,11.767
654,65.036,11.71
655,65.002,11.618
656,64.895,11.328
657,64.486,10.344
658,64.392,10.122
659,63.557,9.264
660,63.482,9.011
661,63.469,8.938
662,63.466,8.924
663,63.442,8.755
664,63.138,7.7
665,63.09,7.702
666,63.099,7.685
667,63.103,7.683
668,63.035,7.199
669,63.033,7.193
670,62.982,6.91
671,62.982,6.908
672,62.982,6.907
673,62.98,6.903
674,62.773,6.569
675,62.772,6.568
676,62.717,6.494
677,62.676,6.437
678,62.655,6.406
679,62.449,6.062
680,62.212,5.251
681,61.61,5.071
682,60.845,4.931
683,60.793,4.745
684,58.928,5.593
685,58.973,5.547
686,60.032,5.331
687,60.102,5.317
688,60.18,5.232
689,61.322,5.064
690,61.624,5.006
691,61.61,5.071
692,62.152,5.039
693,62.472,6.088
694,62.609,6.296
695,62.93,6.799
696,62.988,6.949
697,63.025,7.154
698,63.102,7.534
699,63.104,7.773
700,63.057,7.671
701,63.012,7.077
702,62.714,6.488
703,61.61,5.071
704,60.791,5.073
705,60.846,4.81
706,60.846,4.808
707,60.384,5.167
708,58.928,5.588
709,59.081,5.549
710,59.179,5.365
711,60.195,5.21
712,60.816,4.736
713,60.943,4.759
714,61.61,5.071
715,61.65,4.981
716,62.047,5.136
717,62.26,5.193
718,62.264,5.199
719,62.701,5.908
720,63.009,7.045
721,63.06,7.347
722,63.104,7.779
723,63.009,7.052
724,60.46,5.016
725,61.404,4.981
726,60.76,4.767
727,60.388,5.166
728,61.347,4.808
729,62.384,5.414
730,62.392,5.432
731,62.45,5.706
732,62.705,6.477
733,62.785,6.592
734,62.908,6.773
735,63.068,7.39
736,63.077,7.686
737,63.104,7.773
738,63.104,7.786
739,63.11,7.538
740,63.084,7.465
741,63.054,7.306
742,63.053,7.301
743,63.049,7.272
744,63.02,7.124
745,62.999,7.003
746,62.973,6.816
747,62.972,6.813
748,62.626,5.738
749,62.552,5.592
750,62.424,5.353
751,61.61,5.071
752,60.879,4.772
753,59.638,5.315
754,59.755,5.536
755,61.386,4.83
756,61.424,4.866
757,61.613,5.071
758,62.17,5.066
759,62.549,6.169
760,62.556,6.176
761,62.752,6.542
762,62.778,6.577
763,62.781,6.581
764,63.106,7.539
765,62.961,6.842
766,62.632,6.357
767,61.268,4.763
768,59.314,5.324
769,60.474,4.998
770,61.319,4.804
771,61.386,4.828
772,61.61,5.071
773,62.94,6.815
774,63.062,7.354
775,63.485,9.018
776,64.06,9.618
777,64.177,9.759
778,64.432,10.232
779,64.639,10.71
780,64.654,10.749
781,64.793,11.093
782,64.795,11.096
783,64.91,11.372
784,65.115,11.81
785,65.267,11.951
786,65.438,11.935
787,65.44,11.936
788,65.44,11.937
789,65.478,11.977
790,65.555,12.08
791,65.604,12.176
792,65.795,12.338
793,65.985,12.489
794,66.025,12.667
795,65.738,12.293
796,65.711,12.27
797,65.685,12.247
798,65.664,12.229
799,65.291,11.976
800,64.374,10.46
801,63.725,9.432
802,63.719,9.426
803,63.719,9.425
804,63.717,9.424
805,63.713,9.42
806,63.206,7.887
807,63.073,7.4
808,62.99,6.955
809,62.888,6.733
810,62.885,6.728
811,62.847,6.673
812,62.638,6.111
813,62.179,5.634
814,62.183,5.585
815,62.187,5.568
816,62.188,5.564
817,61.61,5.071
818,61.579,4.953
819,58.928,5.588
820,58.924,5.596
821,58.926,5.588
822,58.928,5.577
823,59.178,5.357
824,60.455,5.011
825,60.68,4.841
826,60.902,4.765
827,61.667,4.969
828,62.202,5.468
829,62.766,6.567
830,62.905,6.758
831,63.057,7.67
832,63.023,7.144
833,63.023,7.14
834,63.001,6.997
835,62.854,6.678
836,62.764,6.554
837,62.763,6.554
838,62.721,6.498
839,62.708,6.478
840,62.222,5.232
841,61.4,4.985
842,60.09,5.312
843,58.924,5.596
844,58.928,5.588
845,60.228,5.166
846,60.791,5.073
847,60.838,4.994
848,60.892,4.766
849,60.928,4.762
850,61.573,4.962
851,61.61,5.071
852,62.223,5.175
853,62.22,5.886
854,62.519,6.148
855,62.523,6.15
856,62.633,6.363
857,63.052,7.283
858,63.104,7.783
859,63.121,7.593
860,63.12,7.589
861,63.041,7.228
862,63.041,7.226
863,60.791,5.073
864,59.0,5.666
865,59.433,5.229
866,59.436,5.229
867,59.513,5.216
868,59.57,5.25
869,59.895,5.527
870,60.411,5.093
871,60.415,5.076
872,60.771,4.775
873,61.564,4.984
874,60.791,5.073
875,60.801,5.081
876,60.806,5.08
877,60.647,4.86
878,58.944,5.55
879,61.415,4.97
880,61.528,5.004
881,61.613,5.071
882,61.61,5.071
883,62.372,6.052
884,62.476,6.077
885,62.538,6.159
886,62.688,6.457
887,63.028,7.173
888,63.122,7.66
889,63.122,7.661
890,63.121,7.663
891,63.125,7.615
892,63.121,7.597
893,62.946,6.821
894,62.934,6.803
895,62.621,6.108
896,62.454,5.901
897,62.454,5.837
898,62.454,5.832
899,62.432,5.533
900,60.845,4.919
901,60.754,4.779
902,60.402,5.266
903,59.336,5.32
904,61.47,4.98
905,61.561,4.99
906,61.244,4.92
907,59.422,5.246
908,60.105,5.314
909,60.679,4.841
910,61.61,5.071
911,61.908,5.128
912,62.48,6.106
913,62.481,6.109
914,62.644,6.39
915,62.646,6.394
916,62.703,6.474
917,62.787,6.594
918,63.127,7.62
919,63.062,7.356
920,63.062,7.354
921,62.994,6.995
922,62.848,6.675
923,62.644,6.395
924,60.82,5.052
925,60.836,4.974
926,60.087,5.313
927,59.498,5.212
928,60.15,5.278
929,60.965,4.756
930,61.208,4.711
931,61.601,4.962
932,62.451,5.702
933,62.677,6.447
934,63.113,7.569
935,63.201,7.861
936,63.362,8.404
937,63.487,9.034
938,63.657,9.259
939,63.658,9.259
940,63.659,9.259
941,63.661,9.259
942,63.662,9.259
943,63.927,9.458
944,64.017,9.564
945,64.036,9.584
946,64.038,9.585
947,64.358,10.047
948,64.469,10.298
949,64.543,10.477
950,64.547,10.488
951,64.626,10.68
952,64.643,10.72
953,64.917,11.392
954,65.094,11.796
955,65.562,12.086
956,66.025,12.667
957,66.013,12.561
958,65.858,12.364
959,65.752,12.304
960,65.702,12.256
961,65.695,12.25
962,65.688,12.244
963,65.67,12.229
964,65.613,12.185
965,65.589,12.153
966,65.428,11.933
967,65.147,11.832
968,64.89,11.32
969,64.631,10.702
970,63.573,9.264
971,63.214,7.904
972,62.57,6.203
973,60.811,4.744
974,62.934,6.797
975,62.681,6.432
976,62.069,5.12
977,61.29,4.958
978,60.412,5.018
979,59.313,5.324
980,58.925,5.596
981,61.006,4.825
982,61.054,4.958
983,62.206,5.101
984,62.874,6.719
985,62.98,6.9
986,62.864,6.69
987,62.484,6.107
988,61.419,4.97
989,61.613,5.071
990,60.613,4.894
991,61.22,4.95
992,63.104,7.783
993,60.792,5.072
994,60.603,4.898
995,60.921,4.761
996,61.613,5.071
997,62.175,5.06
998,62.183,5.067
999,62.659,6.403
1000,62.677,6.436
1001,62.199,5.283
1002,61.059,4.972
1003,60.957,4.758
1004,61.511,5.001
1005,60.609,4.891
1006,60.606,4.893
1007,61.32,5.067
1008,61.398,4.994
1009,61.399,4.992
1010,62.273,5.203
1011,62.275,5.207
1012,62.341,5.335
1013,63.104,7.773
1014,63.104,7.783
1015,63.119,7.672
1016,63.12,7.669
1017,62.996,6.953
1018,62.222,5.163
1019,59.14,5.398
1020,60.894,4.767
1021,60.932,4.763
1022,61.19,5.012
1023,62.547,6.166
1024,62.649,6.157
1025,61.287,4.941
1026,61.287,4.939
1027,61.287,4.938
1028,61.286,4.933
1029,61.326,5.062
1030,61.61,5.071
1031,62.718,6.5
1032,63.016,7.094
1033,63.056,7.332
1034,61.61,5.071
1035,58.928,5.588
1036,60.08,5.315
1037,60.756,4.782
1038,61.213,4.709
1039,61.215,4.708
1040,61.291,4.964
1041,62.138,5.058
1042,62.191,5.079
1043,63.063,7.36
1044,63.111,7.682
1045,63.02,7.13
1046,63.003,7.041
1047,62.988,6.951
1048,61.61,5.071
1049,60.816,5.058
1050,59.034,5.618
1051,61.188,5.01
1052,61.311,5.053
1053,59.503,5.212
1054,60.088,5.32
1055,61.61,5.071
1056,61.711,4.96
1057,61.712,4.96
1058,62.106,5.096
1059,62.297,5.257
1060,62.998,6.992
1061,63.208,7.893
1062,63.503,9.106
1063,63.588,9.273
1064,63.625,9.286
1065,63.634,9.289
1066,63.637,9.291
1067,63.939,9.792
1068,64.538,10.618
1069,64.603,10.69
1070,64.66,10.783
1071,64.766,11.033
1072,64.767,11.035
1073,64.836,11.186
1074,65.091,11.793
1075,65.112,11.809
1076,65.114,11.811
1077,65.176,11.852
1078,65.448,11.942
1079,65.452,11.947
1080,65.453,11.948
1081,65.454,11.95
1082,65.455,11.951
1083,65.457,11.953
1084,65.512,12.02
1085,65.549,12.07
1086,65.923,12.392
1087,66.025,12.667
1088,66.026,12.669
1089,66.025,12.669
1090,66.026,12.669
1091,66.031,12.63
1092,65.958,12.442
1093,65.767,12.312
1094,65.764,12.309
1095,65.763,12.309
1096,65.762,12.308
1097,65.742,12.293
1098,65.629,12.2
1099,65.472,11.963
1100,65.057,11.742
1101,65.018,11.686
1102,64.702,10.845
1103,63.84,9.636
1104,63.736,9.409
1105,63.735,9.404
1106,63.408,8.599
1107,63.157,7.742
1108,63.104,7.782
1109,63.103,7.773
1110,62.197,5.289
1111,62.21,5.262
1112,62.217,5.126
1113,62.158,5.038
1114,62.155,5.039
1115,60.805,4.742
1116,60.431,5.045
1117,60.793,5.071
1118,60.843,4.978
1119,61.476,4.973
1120,62.094,5.1
1121,63.104,7.773
1122,63.104,7.783
1123,60.846,4.883
1124,60.412,5.018
1125,60.664,4.859
1126,59.422,5.232
1127,60.716,4.817
1128,60.862,4.775
1129,60.867,4.776
1130,63.104,7.773
1131,61.269,4.913
1132,58.924,5.596
1133,58.928,5.588
1134,60.786,4.769
1135,60.787,4.768
1136,60.787,4.767
1137,62.616,6.309
1138,62.616,6.31
1139,62.94,6.792
1140,62.945,6.801
1141,62.946,6.802
1142,61.625,4.987
1143,60.414,5.008
1144,60.87,4.824
1145,61.218,4.963
1146,61.666,4.969
1147,61.668,4.967
1148,61.717,4.96
1149,63.104,7.773
1150,63.063,7.358
1151,63.063,7.357
1152,61.298,4.994
1153,61.297,4.988
1154,61.295,4.983
1155,60.548,4.927
1156,60.61,4.892
1157,60.616,4.887
1158,60.618,4.886
1159,60.844,4.912
1160,61.252,4.92
1161,61.568,4.978
1162,63.054,7.316
1163,62.605,6.287
1164,59.499,5.212
1165,61.604,4.962
1166,61.61,4.974
1167,60.615,4.889
1168,60.643,4.869
1169,62.81,6.626
1170,62.997,6.986
1171,62.995,6.978
1172,62.22,5.234
1173,62.222,5.226
1174,60.42,5.007
1175,61.61,5.071
1176,60.06,5.332
1177,60.776,4.763
1178,60.804,4.741
1179,62.811,6.629
1180,62.849,6.683
1181,62.851,6.685
1182,63.068,7.384
1183,63.068,7.387
1184,63.069,7.388
1185,61.714,4.96
1186,61.71,4.96
1187,60.865,4.776
1188,60.402,5.123
1189,60.418,5.062
1190,60.713,4.812
1191,60.791,5.073
1192,60.891,4.77
1193,60.895,4.768
1194,60.481,4.995
1195,61.615,5.089
1196,63.044,7.238
1197,63.063,7.364
1198,63.099,7.509
1199,63.073,7.412
1200,62.921,6.782
1201,62.872,6.709
1202,62.87,6.705
1203,60.804,5.06
